0 -500 -500 -500 14.0667 0.120067
1 -495.067 -352 -500 23.2 0.0548947
2 -452.367 -118 -500 27.6667 0.00227016
3 -425.733 -117 -500 31.8 0.00430376
4 -442.467 -117 -117 36.8667 0.145155
5 -417.433 -116 -116 31.9333 0.171599
6 -364.267 -115 -115 29.6667 0.275188
7 -379.8 -172 -175 32.4 0.238021
8 -362.667 -171 -176 34.2 0.21274
9 -407.067 -283 -288 33.6 0.447697
10 -413.333 -262 -267 36.2667 0.353192
11 -319.233 -112 -117 35.1333 0.421588
12 -397 -113 -118 36.4667 0.219283
13 -309.4 -111 -116 36.8667 0.39411
14 -407.2 -89 -284 35.6667 0.336543
15 -355.2 -163 -164 44.9333 0.270347
16 -321.267 -117 -118 41.6667 0.368567
17 -297.267 -146 -147 36.3333 0.416688
18 -357.533 -111 -112 38 0.337853
19 -308.733 -111 -111 39.7333 0.453258
20 -435.833 -220 -220 36 0.225108
21 -406.6 -219 -219 41.1333 0.372835
22 -354.233 -184 -184 42.1333 0.395148
23 -312.5 -116 -116 41.7333 0.387251
24 -331.033 -155 -217 40.8 0.490578
25 -337.8 -112 -112 43.8 0.296816
26 -386.333 -117 -117 42.7333 0.269133
27 -330.5 -113 -113 40.4 0.401954
28 -386.433 -215 -215 42.8 0.403916
29 -346.867 -116 -117 42.0667 0.374397
30 -410.933 -286 -286 43.1333 0.342983
31 -309.5 -116 -116 46.2 0.430628
32 -317.767 -118 -118 45.4 0.383224
33 -361.833 -123 -164 48.7333 0.178402
34 -396.067 -107 -248 52 0.1894
35 -338.5 -120 -156 54.4 0.0161234
36 -365.567 -94 -258 51.1333 0.0365478
37 -334.9 -87 -156 54.8 0.00444699
38 -332.733 -113 -113 47.5333 0.105733
39 -269.9 -97 -97 56.3333 0.294316
40 -290.333 -95 -105 53.3333 0.496737
41 -330.5 -100 -100 58.9333 0.357921
42 -368.4 -119 -127 55.0667 0.224978
43 -307.9 -119 -126 45.6667 0.264077
44 -396.3 -93 -101 49 0.141121
45 -333.267 -113 -117 51.1333 0.12646
46 -365.7 -95 -105 51.4 0.171429
47 -332.3 -112 -112 51.4 0.132396
48 -321.1 -113 -116 65.5333 0.184845
49 -276.6 -93 -100 73.2 0.231485
50 -345.4 -113 -115 74.8667 0.0267099
51 -347.7 -119 -120 73 0.075743
52 -364.767 -116 -117 69.6 0.227544
53 -352.4 -112 -115 69.3333 0.101498
54 -335.1 -157 -164 68.1333 0.195397
55 -372.7 -112 -114 66.0667 0.186917
56 -331.633 -153 -162 65.4667 0.204595
57 -356.3 -89 -94 61.5333 0.148804
58 -264.267 -97 -98 69.2 0.0570835
59 -322.4 -93 -93 63.6667 0.182327
60 -322.967 -117 -118 63.5333 0.316637
61 -333.6 -113 -114 62.5333 0.253832
62 -392.367 -115 -118 62.6667 0.179996
63 -343.767 -113 -115 66.6667 0.194382
64 -367.467 -86 -88 71.5333 0.153638
65 -319.333 -111 -112 68.9333 0.355623
66 -306.1 -111 -112 72.3333 0.303744
67 -301.7 -91 -95 71.6667 0.223166
68 -305.367 -118 -156 70.1333 0.130276
69 -323.833 -94 -93 70.9333 0.207564
70 -360.133 -130 -167 75.9333 0.0830579
71 -333.933 -112 -113 76.6667 0.136689
72 -388.633 -93 -93 60.9333 0.0774948
73 -324.333 -113 -113 64.0667 0.0429176
74 -320.1 -117 -117 69 0.264759
75 -250.267 -85 -86 67.2 0.250268
76 -320.2 -114 -115 67.4667 0.35637
77 -279.267 -85 -86 65.0667 0.233223
78 -303.933 -114 -114 60.1333 0.268759
79 -320.433 -109 -108 56.1333 0.0255033
80 -329.433 -132 -159 59.4667 0.0753267
81 -326.8 -96 -96 63.2667 0.0813523
82 -328.833 -126 -151 67.6 0.0423303
83 -321.8 -115 -116 63.9333 0.274444
84 -243.233 -85 -85 67.2667 0.263319
85 -270.233 -116 -116 70.6 0.345635
86 -221.867 -91 -97 60.4667 0.104335
87 -294.667 -94 -94 68.8 0.276867
88 -234.733 -116 -117 78.6667 0.531813
89 -234.333 -121 -161 88.8667 0.0356445
90 -232.1 -99 -159 86.4667 0.353105
91 -192.067 -115 -115 92.4 0.692563
92 -218.867 -114 -114 104.267 0.574828
93 -203.367 -113 -113 89.9333 0.660722
94 -246.6 -90 -95 79.5333 0.249297
95 -254.3 -121 -163 84.6 0.0203247
96 -203.933 -121 -121 89.4667 0.053031
97 -229.867 -111 -165 92.9333 0.101638
98 -221.3 -113 -114 92.4 0.502898
99 -262.9 -128 -160 90.8667 0.0388828
100 -243.2 -113 -114 85.0667 0.499029
101 -230.5 -101 -102 89.2 0.221982
102 -202.433 -117 -121 90 0.0242738
103 -263.067 -103 -103 103.8 0.154609
104 -172.8 -92 -92 100.6 0.657605
105 -227.233 -128 -156 106.467 0.0048
106 -206.4 -101 -159 121.2 0.448115
107 -156.833 -98 -98 145.667 0.803523
108 -222.9 -120 -157 133.467 0.00506667
109 -223.5 -120 -161 146.667 0.0076
110 -179.467 -113 -112 192.133 0.0481001
111 -197.233 -85 -85 311.4 0.653716
112 -152.633 -113 -114 335.733 0.7879
113 -169.4 -85 -85 338.933 0.351583
114 -120.6 -89 -105 277.533 0.649377
115 -153.4 -113 -115 289.8 0.773283
116 -185.933 -122 -159 294.467 0.53514
117 -125.033 -111 -112 305.133 0.656943
118 -159.733 -116 -117 319.667 0.381273
119 -164.6 -112 -114 221.533 0.00758489
120 -213.267 -121 -157 220.4 0.451674
121 -163.467 -123 -153 226.467 0.292733
122 -176.767 -113 -116 242.8 0.188034
123 -213.467 -120 -160 230.733 0.289552
124 -224.067 -114 -115 210 0.206456
125 -156.067 -115 -116 265 0.253936
126 -149.933 -88 -103 277.4 0.365336
127 -201.067 -108 -110 278.333 0.178286
128 -110.467 -88 -108 245.733 0.320061
129 -138.833 -85 -85 256.067 0.486612
130 -191 -112 -114 220.4 0.276121
131 -167.133 -112 -115 245.333 0.0342932
132 -141.3 -90 -100 314.733 0.645395
133 -145.933 -116 -117 314.333 0.241262
134 -220.467 -117 -118 261 0.217154
135 -164.3 -93 -92 234.733 0.0468496
136 -140.067 -112 -114 340.533 0.00652655
137 -156.6 -102 -99 377.467 0.00246667
138 -136.9 -112 -114 412.533 0.0692793
139 -179.533 -156 -122 442.333 0
140 -99.7333 -93 -93 461.667 0.0333333
141 -112.467 -93 -93 434.333 0.169266
142 -125.7 -94 -94 434.867 0.187943
143 -160.933 -88 -95 400.6 0.257819
144 -181.533 -157 -123 408.8 0.000409553
145 -191.033 -124 -105 352.133 0.0199478
146 -152.167 -102 -102 376.133 0.527307
147 -172.7 -120 -152 366.6 0.215354
148 -151.3 -112 -114 417.4 0.1259
149 -143.567 -103 -103 391.2 0.482744
150 -176.267 -108 -110 411.8 0.453683
151 -149.033 -93 -93 391.533 0.752386
152 -187.067 -114 -114 404.267 0.566667
153 -156 -122 -153 496.533 0.216146
154 -170.4 -122 -130 429.067 0.000606061
155 -194.033 -120 -152 396 0.192318
156 -180.7 -113 -116 284.867 0.00703072
157 -166.133 -113 -113 295.067 0.645614
158 -165.9 -113 -114 302.733 0.00736946
159 -148.733 -93 -93 286.8 0.623339
160 -135.1 -107 -109 369.667 0.340635
161 -103.433 -87 -86 421.6 0.140137
162 -210.933 -152 -153 404.2 0.195928
163 -167.967 -116 -114 295.333 0.00689168
164 -226.267 -136 -126 286.4 0.000245098
165 -170.233 -117 -118 315.067 0.25325
166 -164.4 -112 -112 277 0.166756
167 -339.1 -90 -88 269.867 0.139327
168 -151.5 -111 -113 375.6 0.156011
169 -102.933 -87 -86 400.6 0.475304
170 -128.233 -113 -113 497.733 0.227066
171 -211.367 -119 -152 414.067 0.195489
172 -179.8 -115 -114 496.733 0.0076492
173 -178.633 -121 -118 546.533 0.0181818
174 -118.567 -113 -113 529.667 0.550946
175 -117 -92 -96 457.333 0.0163014
176 -165.1 -151 -152 522.533 0.271384
177 -134.233 -117 -117 632.667 0.285417
178 -129.733 -114 -114 692.6 0.0587327
179 -145.133 -117 -129 660.267 0.00740741
180 -87.8667 -86 -85 731.067 0.429234
181 -119.4 -87 -89 1126.87 0.319398
182 -125.233 -96 -95 1116.6 0.316921
183 -113.333 -112 -114 1251.07 0.00112857
184 -116.533 -87 -85 989.933 0.435796
185 -154 -154 -153 1054.87 0.233766
186 -126.467 -93 -93 1007.27 0.35662
187 -127.1 -114 -113 692.733 0.266922
188 -156.167 -154 -121 709.133 0.00021097
189 -115.333 -87 -85 806.8 0.421751
190 -148.233 -95 -95 775.6 0.319426
191 -166.3 -114 -114 680.8 0.160303
192 -100.967 -87 -86 580.467 0.433907
193 -121.333 -88 -96 587 0.434466
194 -145.467 -106 -95 560.733 0.313694
195 -173.567 -119 -152 674.267 0.21618
196 -112.833 -112 -114 595.133 0.0014881
197 -119.967 -85 -85 429.8 0.332498
198 -143.067 -95 -93 622 0.310624
199 -140.133 -113 -113 610.733 0.867018
200 -125.133 -112 -112 743.333 0.318827
201 -114.533 -113 -113 796.467 0.966667
202 -98.8 -87 -87 757.8 0.535043
203 -114.133 -114 -115 820.333 0.328355
204 -127.233 -114 -114 787.667 0.668978
205 -165.9 -93 -99 670.333 0.747464
206 -150.067 -102 -102 724 0.800067
207 -138.033 -112 -112 856.667 0.356564
208 -128.967 -94 -94 760.133 0.303383
209 -180.933 -158 -120 866.333 0
210 -123.067 -89 -98 852.733 0.671479
211 -162.067 -92 -92 847.2 0.0666667
212 -119.667 -116 -116 846.467 0.403015
213 -89.4333 -85 -85 833.267 0.594391
214 -114.233 -113 -115 820.667 0.472958
215 -95.3333 -89 -94 830.267 0.674992
216 -125.767 -112 -114 858.733 0.00627453
217 -106.233 -87 -86 1362.93 0.409795
218 -92.5333 -91 -96 1341.13 0.469027
219 -115.2 -115 -115 1316.07 0.598828
220 -114.467 -112 -114 1338.73 0.00444585
221 -126.167 -113 -116 1383.93 0.00655375
222 -111.4 -105 -95 1450.6 0.315938
223 -99.1333 -92 -92 1582.87 0
224 -168.433 -108 -159 1501.47 0.0475276
225 -112.867 -112 -112 1541.07 0.320536
226 -169.167 -152 -153 1557.8 0.0781324
227 -124.967 -112 -113 1523.8 0
228 -87.4333 -86 -85 1484.67 0.363669
229 -113 -113 -116 1474.27 0.00884956
230 -112.733 -112 -114 1421 0.00267857
231 -116.767 -97 -111 1602.27 0.0324112
232 -126.867 -114 -115 1569.2 0.30773
233 -151.933 -151 -152 1656.6 0.519926
234 -100.867 -86 -86 1635.47 0.576628
235 -131.933 -117 -117 1699.07 0.270617
236 -92.6333 -90 -97 1732.87 0.0607494
237 -135.867 -108 -159 1847 0.311008
238 -115 -115 -116 1789.07 0.312464
239 -112.267 -112 -114 1910.07 0.00772756
240 -94.0333 -88 -95 2047.53 0.0527009
241 -91.1 -86 -85 2079.67 0.436335
242 -125.9 -113 -113 1970.33 0.966667
243 -136.3 -123 -120 2020.27 0
244 -97.3 -92 -97 1938.8 0
245 -95.6667 -90 -96 1950 0.0972202
246 -98.8333 -94 -93 1885 0.0610561
247 -163.133 -108 -159 2035.2 0.217746
248 -153.833 -152 -152 2034.33 0.72632
249 -86.9 -86 -85 2150.13 0.439993
250 -86.1 -85 -85 2267.27 0.837433
251 -114 -114 -114 2096.33 1
252 -148.167 -103 -103 2216.53 0.240606
253 -87.9 -87 -86 2413.27 0.675606
254 -113.3 -113 -113 2398.07 0.910819
255 -158 -115 -156 2379.6 0.438861
256 -151.333 -125 -153 2493.93 0.210764
257 -152.333 -152 -152 2562.2 0.268797
258 -154.067 -154 -152 2568.67 0.233666
259 -116 -116 -116 2622.4 0.30977
260 -114.333 -113 -114 3017.33 0.00147493
261 -116 -116 -116 3667.6 0.306322
262 -167.367 -123 -160 3979 0.136326
263 -152.467 -152 -152 4096.4 0.819697
264 -152.7 -123 -160 4799.67 0.214275
265 -127.933 -114 -114 4191.67 0.635746
266 -113 -113 -113 5117.4 0
267 -178.367 -95 -94 5195.47 0.208865
268 -110.967 -97 -109 4791.33 0.8
269 -169.267 -90 -103 1630.4 0.438045
270 -101.733 -87 -95 3996.4 0.745471
271 -93 -93 -93 5283.13 1
272 -112.933 -112 -112 5194.8 0.0220238
273 -165 -157 -164 5563 0.0088294
274 -88 -88 -86 5271.53 0.431818
275 -152.533 -152 -152 5757.2 0.841699
276 -128.233 -110 -112 5766 0.877879
277 -89.5333 -89 -87 5834.47 0.370037
278 -112.033 -112 -113 6203 0.319345
279 -114.733 -113 -113 6524.27 0.974141
280 -154.067 -154 -157 6724.73 0.226188
281 -152 -152 -152 7818.67 1
282 -94 -94 -94 8894.6 1
283 -90 -90 -96 10463.5 0.411111
284 -172.3 -161 -163 8957.53 0.52236
285 -95.0667 -95 -95 8977.73 0.966667
286 -117.433 -117 -117 9006.87 0.289174
287 -91 -91 -97 9012 0.406593
288 -115 -115 -115 9074.53 1
289 -153 -153 -157 9070.47 0.235294
290 -112.967 -112 -113 9093.8 0.0110119
291 -116 -116 -117 9299.4 0.304598
292 -121 -121 -127 9793.87 0.305785
293 -93 -93 -93 9604.8 1
294 -139.2 -114 -114 9894.87 0.589697
295 -152 -152 -153 9203.2 0.230263
296 -114.033 -114 -115 9041.2 0.315988
297 -116 -116 -117 9114.27 0.302011
298 -153 -152 -156 9217.53 0.235301
299 -89 -89 -89 9362.6 0.446067
