0 -488.967 -169 -500 13.8667 0.300267
1 -437.567 -125 -125 23 0.16177
2 -377.433 -157 -169 17.7333 0.341
3 -336.3 -113 -125 16.2667 0.338093
4 -353.9 -96 -96 17.1333 0.36549
5 -287.733 -113 -113 22.8667 0.457419
6 -228.733 -91 -111 33.8 0.677706
7 -176.333 -90 -106 34.0667 0.778165
8 -258.8 -96 -176 39.8 0.460392
9 -204.5 -154 -153 57.2667 0.370303
10 -213.633 -153 -152 38 0.393191
11 -232.267 -117 -118 25.0667 0.667896
12 -198.533 -86 -98 31.5333 0.540234
13 -221.867 -95 -95 28.4667 0.526795
14 -295.733 -117 -117 23.8667 0.525505
15 -194.867 -114 -114 27.9333 0.755231
16 -245.667 -86 -86 29.8 0.497548
17 -245.833 -92 -92 32.6667 0.561284
18 -199.5 -88 -91 42.3333 0.648934
19 -244.133 -116 -116 43.6667 0.612269
20 -183.7 -86 -86 46.9333 0.661555
21 -200.933 -154 -159 47.4 0.723536
22 -170.167 -115 -115 43.6 0.802788
23 -207.3 -114 -114 46.7333 0.709829
24 -228.133 -87 -87 45.6 0.628155
25 -155 -86 -86 54.2 0.841133
26 -168.667 -113 -113 55.0667 0.787905
27 -180.467 -115 -115 70.9333 0.790791
28 -166.367 -115 -115 74.7333 0.854954
29 -204.267 -114 -114 56.3333 0.738713
30 -204.3 -113 -113 72.2 0.709073
31 -144.433 -89 -92 62.5333 0.643789
32 -132.4 -90 -94 61.8667 0.6517
33 -151.2 -112 -112 67.6 0.879114
34 -176.8 -96 -96 101.533 0.806067
35 -153.5 -115 -115 143 0.902467
36 -114.533 -87 -87 129.333 0.938533
37 -157.033 -114 -114 97.6667 0.842255
38 -151.767 -113 -113 97.8 0.894651
39 -236.733 -158 -171 83.2 0.705644
40 -182.5 -85 -85 85.2667 0.73743
41 -151.7 -113 -113 128.867 0.9074
42 -130 -86 -86 104.467 0.872662
43 -127.4 -86 -86 82.8 0.9052
44 -117.2 -104 -104 84.4667 0.966667
45 -202.633 -154 -157 96.8667 0.778455
46 -106.7 -90 -90 126.733 0.880583
47 -226.933 -154 -158 113.733 0.725915
48 -171.633 -93 -93 139.8 0.757408
49 -168.633 -116 -116 145.2 0.856827
50 -191.367 -164 -164 127.8 0.835856
51 -132.267 -106 -106 123.667 0.9384
52 -164.6 -113 -113 123.6 0.867965
53 -125.3 -112 -112 130.333 0.950949
54 -176.233 -165 -165 129.8 0.944649
55 -135 -115 -115 121.4 0.920563
56 -114 -114 -114 136.067 0.996491
57 -140.467 -85 -85 133.4 0.854041
58 -131.9 -91 -91 173.733 0.905067
59 -126.5 -85 -85 169.533 0.903133
60 -139.167 -113 -113 163.6 0.884599
61 -128.3 -87 -87 135.333 0.9052
62 -210.9 -87 -87 104.667 0.7076
63 -168.967 -118 -118 100 0.854568
64 -112.367 -89 -89 115 0.879757
65 -140.033 -113 -113 126.867 0.856974
66 -168.067 -117 -117 134.4 0.8716
67 -141.933 -112 -112 144.467 0.908262
68 -167.133 -114 -114 146.933 0.852085
69 -208.867 -103 -103 153.267 0.742267
70 -137.3 -97 -97 156.333 0.902533
71 -114.533 -87 -87 182.067 0.933333
72 -193.2 -155 -159 186.333 0.802496
73 -185.5 -155 -162 163.267 0.652094
74 -204.767 -114 -114 157.4 0.737056
75 -126.633 -85 -85 196.133 0.883908
76 -142.567 -115 -115 191.867 0.88367
77 -128.8 -116 -116 176.933 0.963218
78 -183.833 -118 -118 170.133 0.79921
79 -182.533 -147 -163 216.6 0.744268
80 -118.133 -92 -92 303.267 0.630416
81 -172.833 -160 -169 310.2 0.496667
82 -100.7 -85 -85 335.2 0.743979
83 -167.433 -154 -156 340.8 0.433427
84 -130 -101 -93 356 0.600643
85 -168.2 -155 -160 357.133 0.407002
86 -118.933 -118 -118 396.267 0.896362
87 -127.133 -114 -114 387.2 0.861929
88 -102.833 -89 -87 364.667 0.715791
89 -90 -90 -87 409.4 0.733333
90 -178.9 -155 -159 432.2 0.401062
91 -169.133 -158 -116 485.8 0.390832
92 -96.6667 -94 -90 383.533 0.68156
93 -114.267 -114 -114 365.067 0.88991
94 -105 -95 -95 401.467 0.680685
95 -150.833 -112 -112 384.6 0.843125
96 -140.667 -115 -115 394 0.898539
97 -129.067 -116 -116 370.133 0.884312
98 -113.267 -113 -113 351.133 0.913651
99 -201.733 -154 -161 313.6 0.375369
100 -168.733 -154 -156 334.2 0.603114
101 -125.133 -112 -112 345.267 0.898125
102 -129 -116 -116 359.067 0.884029
103 -138.967 -113 -113 363.6 0.835366
104 -112 -112 -112 392.133 0.892857
105 -100.733 -86 -85 423.133 0.733627
106 -127.833 -115 -115 389.6 0.871742
107 -156.7 -156 -159 376 0.422295
108 -172.267 -118 -118 385 0.125631
109 -130.4 -108 -108 373.6 0.745985
110 -124.933 -112 -112 385.733 0.866667
111 -141.633 -116 -116 371.4 0.838708
112 -125.9 -113 -113 364.133 0.867552
113 -108.7 -89 -89 369.467 0.688076
114 -102.4 -88 -90 402.733 0.808333
115 -119.167 -118 -118 390 0.881921
116 -124.933 -112 -112 447.6 0.880952
117 -127.067 -114 -114 434.2 0.877749
118 -162.733 -153 -167 431.133 0.417002
119 -101.467 -86 -86 501.333 0.764342
120 -124 -92 -92 512.133 0.677176
121 -165.9 -152 -163 490.467 0.492858
122 -139 -113 -113 522.2 0.830022
123 -152.033 -152 -162 551.2 0.440693
124 -94.7667 -90 -87 481.8 0.722472
125 -198.4 -152 -160 487.333 0.391884
126 -106.9 -91 -91 596.267 0.950332
127 -151 -151 -159 613.067 0.443709
128 -91 -91 -91 604.067 1
129 -113.6 -86 -85 595.4 0.729732
130 -102.367 -86 -85 647.533 0.743433
131 -151.7 -151 -156 667.533 0.456839
132 -175.2 -152 -159 606.867 0.426151
133 -114 -114 -114 638.467 0.906725
134 -151.1 -112 -112 633.4 0.80102
135 -127.833 -115 -115 683.267 0.862609
136 -176.133 -153 -168 618.4 0.411181
137 -153.133 -153 -169 688.067 0.4369
138 -117 -117 -117 720.333 0.905983
139 -93.2 -91 -91 664.467 0.981104
140 -113 -113 -113 623.733 0.902655
141 -153.767 -153 -172 614.4 0.43578
142 -125.9 -113 -113 640.667 0.872271
143 -124.933 -112 -112 645.133 0.870833
144 -114 -114 -114 569.8 0.902924
145 -175.233 -152 -161 582.267 0.411307
146 -112 -112 -112 654.4 0.901786
147 -142.533 -117 -117 677.8 0.845584
148 -152.433 -152 -160 667.867 0.439569
149 -163.6 -152 -161 658.333 0.426096
150 -128 -115 -115 669.133 0.855136
151 -89 -89 -89 628 1
152 -87.0667 -87 -85 589.333 0.768789
153 -178.967 -156 -94 639.133 0.405618
154 -127.9 -115 -115 795.333 0.873688
155 -106.933 -91 -91 837.667 0.947708
156 -114.6 -114 -114 814.133 0.857685
157 -90 -90 -90 915 1
158 -157.967 -112 -97 885.2 0.45339
159 -125.9 -113 -113 777.267 0.872566
160 -117.433 -106 -95 770.667 0.585451
161 -131.667 -116 -116 703.333 0.926495
162 -106.033 -106 -95 715.933 0.622533
163 -112 -112 -112 725.267 0.90506
164 -114 -114 -114 720.867 0.903509
165 -88 -88 -86 766.267 0.761364
166 -165.8 -154 -165 739.8 0.419847
167 -120.1 -107 -96 847.2 0.605296
168 -114 -114 -114 823.733 0.903509
169 -164.5 -151 -159 770.867 0.423505
170 -119.2 -92 -92 849.933 0.933333
171 -91 -91 -91 918.4 1
172 -108.567 -106 -96 879.533 0.61556
173 -153 -153 -159 921.4 0.437908
174 -93 -93 -93 910.933 1
175 -115 -115 -115 884.267 0.904348
176 -112.167 -112 -112 870.133 0.88825
177 -114.7 -114 -114 916.4 0.89191
178 -153.033 -153 -164 888.667 0.437814
179 -116.333 -115 -115 905.333 0.976344
180 -128.8 -116 -116 947.067 0.875
181 -90 -90 -87 926.733 0.744444
182 -176.167 -165 -172 890 0.392525
183 -114 -114 -114 874.2 0.903509
184 -117 -117 -117 808.133 0.909117
185 -127.833 -115 -115 828 0.87667
186 -106 -90 -90 855.867 0.947708
187 -152.2 -123 -162 836.4 0.422761
188 -129.467 -113 -113 820.8 0.831072
189 -146.333 -118 -157 794.267 0.372807
190 -137 -116 -116 817.133 0.362069
191 -174.833 -154 -102 798.467 0.383437
192 -126.867 -114 -114 785.533 0.873392
193 -112.033 -91 -91 777.8 0.830139
194 -88 -88 -86 840.133 0.761364
195 -150.8 -112 -112 787 0.817414
196 -90 -90 -87 792.4 0.744444
197 -90 -90 -90 795.467 1
198 -125.9 -113 -113 760.6 0.872566
199 -101.033 -87 -85 735.133 0.728599
200 -127.833 -115 -115 785.133 0.874203
201 -167.733 -153 -168 704 0.414816
202 -105.6 -92 -92 597.4 0.966667
203 -91 -91 -91 546.4 1
204 -115.167 -115 -115 594.733 0.861155
205 -112 -112 -112 561.733 0.901786
206 -102.033 -88 -86 550 0.732943
207 -112 -112 -112 626.667 0.901786
208 -128.8 -116 -116 562.467 0.877467
209 -119.633 -89 -89 502.333 0.902773
210 -153.967 -95 -95 493.2 0.448504
211 -101.267 -86 -86 476.333 0.791667
212 -113.733 -86 -86 501.2 0.917424
213 -152.233 -91 -91 461 0.815404
214 -124.933 -112 -112 495.2 0.970333
215 -96.1667 -94 -94 439.4 0.981342
216 -139.767 -114 -114 424.533 0.931742
217 -153.5 -115 -115 449.533 0.902467
218 -103.667 -90 -90 417.2 0.9692
219 -129.767 -117 -117 436.2 0.966667
220 -106.933 -91 -91 468.067 0.950084
221 -90.4 -88 -91 504.933 0.73875
222 -118.8 -86 -86 471 0.897316
223 -117.267 -116 -116 457.667 0.960301
224 -125.9 -113 -113 457.2 0.966667
225 -85 -85 -85 482.333 1
226 -163.733 -112 -112 371.8 0.866295
227 -138.6 -112 -112 496.2 0.896614
228 -125.8 -93 -93 315.667 0.755075
229 -120.133 -90 -90 483.333 0.88732
230 -154.367 -154 -164 761.267 0.445559
231 -102.433 -86 -86 731.933 0.949873
232 -102.933 -86 -86 742.067 0.935062
233 -114.8 -95 -95 728.133 0.910127
234 -102.467 -86 -86 593.467 0.94739
235 -113.1 -113 -113 721.6 0.994828
236 -185.867 -150 -156 609.6 0.405014
237 -100.567 -86 -86 543.267 0.916583
238 -104.333 -85 -85 441.8 0.930061
239 -151.667 -93 -93 337.533 0.833788
240 -128.833 -116 -116 318.867 0.966854
241 -155.367 -153 -163 322.533 0.463718
242 -151.7 -113 -113 325 0.9
243 -121.767 -115 -115 341.933 0.925035
244 -126.933 -114 -114 324.933 0.96626
245 -125.967 -113 -113 352.667 0.962029
246 -163.4 -151 -157 389.2 0.442487
247 -164.567 -153 -162 290 0.438197
248 -134.633 -87 -87 371.867 0.634873
249 -101.1 -95 -95 502.533 0.943804
250 -98.8333 -85 -85 509.467 0.966667
251 -88.6667 -86 -86 527.4 0.980522
252 -123.867 -97 -97 545.467 0.940467
253 -88 -88 -91 661.333 0.75
254 -107.533 -94 -94 631.867 0.966667
255 -157 -157 -149 631 0.496815
256 -168.367 -155 -149 593.133 0.478533
257 -117.733 -115 -115 556.6 0.968649
258 -90.4 -88 -88 568.467 0.981042
259 -125 -112 -112 596.667 0.962865
260 -89.5 -87 -87 595.6 0.980864
261 -192.2 -158 -150 642.8 0.45
262 -88.2667 -85 -85 593.8 0.968104
263 -121.333 -89 -89 483.067 0.894149
264 -104.367 -85 -85 556.667 0.917247
265 -97.1 -95 -95 606 0.981224
266 -128.8 -116 -116 604.8 0.969133
267 -87 -87 -87 531.533 1
268 -102.633 -88 -88 398.333 0.954417
269 -164.233 -152 -152 376.267 0.935508
270 -140.667 -115 -115 357.4 0.9358
271 -137.533 -87 -89 331.267 0.83778
272 -164.967 -148 -153 337.4 0.810326
273 -156.2 -94 -94 296.467 0.607234
274 -141.7 -115 -115 424.933 0.897831
275 -91.3333 -89 -89 487.8 0.978826
276 -102.7 -89 -89 480.267 0.966667
277 -126.933 -114 -114 464.467 0.958853
278 -99.8 -86 -86 481.133 0.966667
279 -139.733 -114 -114 417 0.9358
280 -94.2333 -92 -92 423.867 0.981342
281 -113 -113 -113 418.867 1
282 -114.033 -114 -114 413.733 0.995942
283 -91.0333 -85 -85 361.467 0.948342
284 -127.4 -86 -86 342.8 0.9026
285 -137.9 -112 -112 363.8 0.918489
286 -124.933 -112 -112 333.133 0.940629
287 -117.567 -110 -155 414.267 0.581246
288 -125.9 -113 -113 554.267 0.949731
289 -141.6 -116 -116 634.267 0.908513
290 -115 -115 -115 660.067 0.955362
291 -106.033 -90 -90 651.133 0.947826
292 -147.8 -101 -156 655 0.501809
293 -154.533 -151 -151 636.667 0.446172
294 -91 -91 -91 587.4 1
295 -128.033 -115 -115 626.667 0.953706
296 -104.533 -102 -156 637.8 0.675946
297 -113 -113 -113 650.067 1
298 -163.767 -152 -152 631.067 0.733922
299 -194.633 -155 -154 661.267 0.357941
