0 -487.067 -112 -500 14.2 0.3338
1 -465.933 -158 -500 27.6 0.0701835
2 -431.2 -150 -156 26.0667 0.084814
3 -322.633 -112 -500 33.6 0.107561
4 -351.867 -101 -146 35.8 0.235889
5 -384.8 -150 -146 37.4 0.141606
6 -349.533 -96 -154 38.6667 0.235905
7 -259.067 -86 -89 35.9333 0.477833
8 -282.967 -153 -153 47.2667 0.349682
9 -321.033 -98 -118 39.9333 0.330386
10 -196.9 -86 -88 56.3333 0.583057
11 -248.1 -116 -116 64.2 0.576533
12 -231.1 -114 -114 62.8 0.681467
13 -227.5 -157 -159 75.4667 0.709223
14 -238.167 -89 -89 61.8 0.579063
15 -215.8 -94 -94 57.2667 0.705133
16 -255.333 -180 -180 78.7333 0.740672
17 -230.5 -115 -115 89.9333 0.7074
18 -216.533 -113 -113 71.8667 0.728153
19 -268.967 -114 -115 73.8 0.590619
20 -180.367 -125 -132 69.7333 0.798733
21 -297.533 -113 -113 55.4667 0.446747
22 -216.2 -113 -113 91.2 0.736
23 -176.667 -112 -112 101.667 0.833333
24 -198.867 -177 -177 108.133 0.926174
25 -189.833 -95 -95 107.6 0.759352
26 -191.3 -157 -157 102.667 0.54132
27 -196.4 -86 -86 85.5333 0.741733
28 -164.6 -113 -113 86.8 0.8716
29 -153.367 -113 -113 78.4667 0.853542
30 -240.9 -162 -162 67.2667 0.7483
31 -242.867 -114 -114 80.6 0.659256
32 -168.233 -85 -85 68.4 0.773265
33 -195.667 -85 -85 76.2667 0.7386
34 -204.333 -114 -114 84.8667 0.75376
35 -163.8 -96 -96 76.9333 0.8226
36 -201.9 -90 -90 82.6667 0.709028
37 -156.867 -88 -88 82.7333 0.815018
38 -229.333 -113 -113 74.8667 0.696778
39 -216.2 -113 -113 76.6 0.746
40 -180.167 -116 -116 76.4 0.816534
41 -183.367 -87 -87 80.8667 0.769267
42 -248.467 -157 -157 82 0.7408
43 -237.433 -154 -158 70.4 0.694514
44 -240.9 -157 -165 78.8 0.578196
45 -260.567 -157 -163 84.8667 0.301893
46 -218.2 -113 -113 78 0.654326
47 -167.433 -91 -91 105.133 0.565
48 -254.9 -113 -113 83.4667 0.596442
49 -204.3 -114 -114 104.8 0.685998
50 -151.7 -113 -113 104.4 0.827124
51 -192.633 -107 -107 116.8 0.435188
52 -188.733 -88 -88 124.133 0.542822
53 -142.867 -87 -87 155.267 0.778998
54 -198.933 -121 -168 169.333 0.749571
55 -157.733 -121 -170 164.933 0.612555
56 -229.5 -121 -169 174 0.0854591
57 -203.3 -113 -113 209.533 0.772067
58 -126.5 -85 -85 226.533 0.9026
59 -157.833 -89 -89 222.133 0.815321
60 -155.167 -115 -115 202.467 0.867039
61 -237.467 -114 -176 179.667 0.260851
62 -179.567 -113 -115 257.133 0.697507
63 -172.833 -112 -112 321.8 0.568349
64 -157.167 -113 -113 210.267 0.816643
65 -139.867 -114 -114 175.667 0.573697
66 -164.133 -112 -112 192.533 0.852685
67 -200.767 -119 -158 217.133 0.421386
68 -170.7 -87 -87 217.467 0.772533
69 -163.633 -119 -158 187.533 0.166733
70 -159.1 -90 -90 189.933 0.785866
71 -176 -95 -95 196.267 0.805067
72 -126.3 -113 -113 178.867 0.917506
73 -164.7 -112 -112 185.8 0.852075
74 -153.733 -115 -115 213.333 0.850917
75 -190.9 -96 -96 199.067 0.735867
76 -168.767 -85 -86 227.333 0.779216
77 -179.867 -113 -116 265.467 0.777082
78 -156.933 -113 -114 254.067 0.484015
79 -174.133 -89 -89 235.267 0.323829
80 -272.867 -112 -106 217.867 0.134691
81 -189.2 -91 -91 205.6 0.275309
82 -164.833 -97 -97 204.933 0.444833
83 -155.333 -114 -114 196.267 0.53536
84 -188.8 -105 -105 206.733 0.364182
85 -208.567 -125 -163 195 0.58063
86 -151.3 -112 -112 199 0.804235
87 -163.5 -95 -95 213.133 0.748519
88 -152.633 -93 -93 192.667 0.736932
89 -174.2 -92 -92 209.067 0.652989
90 -165.267 -113 -133 224.8 0.756549
91 -129.467 -113 -116 228.533 0.827485
92 -197.967 -83 -85 223.267 0.503436
93 -170.433 -87 -88 215.933 0.373744
94 -213.533 -87 -87 203.4 0.293395
95 -113.2 -97 -97 240.533 0.336557
96 -117.167 -89 -90 240.067 0.465779
97 -157.2 -88 -89 226.6 0.363113
98 -170.1 -113 -158 218.733 0.0124786
99 -143.167 -88 -89 206.467 0.375771
100 -157.067 -104 -101 234.4 0.293794
101 -152.933 -113 -113 223 0.531716
102 -145.333 -87 -88 219.133 0.498616
103 -230.9 -116 -123 217.2 0.183254
104 -183.133 -106 -106 204.333 0.242332
105 -252.233 -116 -160 215.867 0.229765
106 -177 -91 -92 189.6 0.516965
107 -143.467 -113 -118 217.4 0.548837
108 -221.5 -113 -113 218.533 0.408355
109 -168.767 -110 -110 207.067 0.459703
110 -156.467 -84 -85 175.8 0.619679
111 -152.7 -113 -118 215.467 0.521748
112 -179.033 -113 -120 147.2 0.5434
113 -147.433 -99 -99 175.667 0.533011
114 -205.9 -159 -164 82 0.548234
115 -144.633 -118 -118 80.6667 0.913725
116 -154.233 -95 -95 65.1333 0.820232
117 -106.833 -93 -93 59.2667 0.954455
118 -181.833 -85 -85 63.5333 0.774467
119 -131.167 -90 -90 67.2 0.894891
120 -186.433 -164 -164 69.8 0.894385
121 -154.233 -85 -85 50.0667 0.830487
122 -217.067 -113 -113 59.8 0.665078
123 -153.267 -88 -88 80.4667 0.782398
124 -241.733 -163 -163 68.6667 0.758089
125 -141.033 -115 -115 89.8 0.867533
126 -141.133 -102 -102 91.6667 0.84598
127 -156.1 -116 -116 111.8 0.872059
128 -163 -90 -90 100.333 0.77687
129 -140.2 -113 -113 111.733 0.846215
130 -231.2 -164 -164 111.8 0.805
131 -150.8 -112 -112 147.667 0.905067
132 -180.733 -156 -158 173.4 0.906865
133 -149.867 -96 -96 166.867 0.866667
134 -120.1 -107 -107 157.733 0.966667
135 -208.167 -163 -163 140.6 0.801331
136 -179.167 -115 -115 139.267 0.800733
137 -149.3 -95 -95 100.2 0.855128
138 -198.8 -112 -112 108.267 0.727315
139 -230.467 -189 -189 56.2667 0.869133
140 -142.133 -87 -88 67.6 0.658687
141 -204.833 -113 -113 59.2 0.69372
142 -258.067 -118 -118 55.4667 0.643267
143 -203.833 -155 -158 90.3333 0.841349
144 -168.133 -85 -85 83.6 0.797335
145 -205.433 -160 -160 113.6 0.83247
146 -191.9 -157 -157 150.2 0.87407
147 -205.967 -160 -160 167.867 0.841263
148 -128.533 -102 -102 147.933 0.935867
149 -115.633 -88 -88 152.133 0.90923
150 -114.2 -114 -114 188.467 0.981667
151 -202.933 -112 -112 150.267 0.758406
152 -160.067 -160 -160 227.133 0.990123
153 -133.2 -107 -107 218.2 0.933333
154 -154.167 -85 -85 204.067 0.841133
155 -152.067 -113 -113 192.333 0.872002
156 -141.6 -116 -116 219.933 0.938267
157 -138.8 -113 -113 241.467 0.933333
158 -174.233 -163 -163 259.333 0.957464
159 -128.967 -116 -116 282.533 0.948485
160 -152.267 -113 -113 267 0.855552
161 -127.367 -98 -98 280 0.915105
162 -128.867 -116 -116 288.867 0.953107
163 -94 -94 -94 275.733 1
164 -114 -114 -114 282.733 1
165 -98.8333 -85 -85 290.2 0.944314
166 -126.133 -113 -113 283 0.939186
167 -128.9 -116 -116 274.533 0.954007
168 -126.5 -85 -85 257.667 0.9
169 -178.067 -113 -113 269.333 0.815518
170 -174.267 -163 -163 308.533 0.932775
171 -91 -91 -91 330.267 1
172 -157.1 -119 -119 282.6 0.902467
173 -159.033 -159 -159 268 0.890625
174 -112.033 -112 -112 259.2 0.983776
175 -111.6 -98 -98 218.4 0.948718
176 -92 -92 -92 224.667 1
177 -98.8333 -85 -85 259.867 0.969267
178 -136.933 -111 -111 236.133 0.933333
179 -99.8 -86 -86 264.733 0.969267
180 -181.967 -171 -171 242.6 0.95848
181 -145.367 -116 -116 171.733 0.87308
182 -113.6 -86 -86 161.4 0.935933
183 -148.4 -115 -115 140.867 0.755897
184 -152.467 -99 -99 185.6 0.871733
185 -105.6 -92 -92 205.133 0.966667
186 -113.933 -113 -113 200.4 0.935704
187 -115.4 -95 -95 193 0.910413
188 -130.033 -88 -89 215.333 0.863897
189 -160.567 -113 -113 173 0.769883
190 -135.267 -102 -102 199.8 0.876836
191 -140.033 -114 -114 190 0.917207
192 -127.033 -113 -113 212.533 0.847583
193 -108.467 -94 -94 213.667 0.922863
194 -108.5 -95 -95 214.4 0.969267
195 -163.867 -159 -164 259.933 0.965485
196 -145.867 -90 -90 262.667 0.8197
197 -208.7 -176 -176 284.267 0.89027
198 -194.033 -160 -160 317.4 0.89315
199 -101.733 -88 -88 334.067 0.966667
200 -126.867 -114 -114 289.333 0.966667
201 -181.733 -159 -159 318 0.9358
202 -130.733 -118 -118 318.467 0.966667
203 -119.967 -104 -104 234 0.945276
204 -205.667 -160 -160 197.267 0.858349
205 -113.6 -86 -86 196.267 0.933333
206 -169.4 -158 -158 209.133 0.966667
207 -132.8 -92 -92 224.333 0.9026
208 -113.6 -86 -86 245.867 0.9374
209 -153.5 -115 -115 261.8 0.902467
210 -139.767 -114 -114 258.6 0.931742
211 -140.667 -115 -115 264.133 0.936333
212 -115.467 -88 -88 256.8 0.933333
213 -157.5 -89 -89 267.067 0.841067
214 -86 -86 -86 305.667 1
215 -140.333 -85 -85 261 0.866667
216 -135.5 -95 -95 242.867 0.902533
217 -142.533 -117 -117 251.6 0.9338
218 -164.167 -97 -97 177.133 0.835867
219 -127.4 -86 -86 202.8 0.9
220 -150.8 -112 -112 216.467 0.9026
221 -124.933 -112 -112 336.067 0.9692
222 -116.133 -86 -86 322.667 0.916592
223 -134.6 -94 -94 249.867 0.9
224 -146.3 -107 -107 297.067 0.9
225 -183.6 -161 -161 256.933 0.906625
226 -211.533 -179 -179 133.867 0.876566
227 -128.5 -87 -87 255.933 0.892564
228 -112.667 -85 -85 250.2 0.938533
229 -216.767 -160 -160 195.6 0.769349
230 -117.333 -90 -90 227.133 0.935867
231 -135 -86 -86 264.133 0.814151
232 -95.7333 -89 -89 201.667 0.893973
233 -141.2 -86 -86 167.133 0.869267
234 -97.7667 -97 -97 186.4 0.974686
235 -181.133 -154 -177 188.133 0.835616
236 -122.3 -113 -113 160.533 0.788828
237 -152.433 -91 -91 163 0.751442
238 -124.067 -89 -89 118.6 0.85658
239 -188.4 -157 -162 117.6 0.717435
240 -169.5 -116 -116 109.733 0.794644
241 -184.333 -156 -162 123.4 0.899531
242 -204.9 -115 -115 105.667 0.743149
243 -244.6 -86 -86 102.667 0.599662
244 -160.333 -106 -106 124.933 0.852567
245 -205.6 -116 -116 145.133 0.774067
246 -225.567 -156 -157 157.2 0.779282
247 -147.933 -90 -90 137.2 0.779483
248 -113.633 -86 -86 138.2 0.92942
249 -206.3 -160 -160 127.333 0.830564
250 -197.633 -164 -164 134.8 0.892812
251 -128.3 -87 -87 159.933 0.9026
252 -191.3 -157 -157 177.133 0.902467
253 -127.967 -115 -115 180.4 0.912614
254 -153.333 -114 -114 167.333 0.882629
255 -184.533 -162 -162 145 0.738402
256 -194.5 -155 -161 151.933 0.855137
257 -184.433 -158 -164 205.667 0.698602
258 -126.633 -112 -112 252.533 0.649099
259 -85.1 -85 -85 245.533 0.954651
260 -141.9 -100 -100 249.467 0.88007
261 -121.333 -94 -94 232.867 0.917893
262 -147.567 -106 -106 266.267 0.878362
263 -128.733 -97 -97 239.2 0.870467
264 -159.133 -152 -161 257 0.604433
265 -156 -116 -116 216.133 0.563455
266 -124.567 -97 -97 179.4 0.781347
267 -113.8 -113 -113 225.6 0.722496
268 -104.6 -88 -88 211.8 0.862434
269 -139.033 -113 -113 154.467 0.66577
270 -177.433 -94 -94 148.467 0.75057
271 -195.767 -110 -110 138.4 0.722087
272 -137.867 -112 -112 133.067 0.685867
273 -141.6 -116 -116 128.267 0.694421
274 -138.867 -113 -113 118.067 0.678088
275 -167.2 -116 -116 107.467 0.647529
276 -155.3 -117 -117 121.067 0.676631
277 -153.5 -115 -115 138.867 0.672617
278 -157.667 -105 -105 141.4 0.8692
279 -143 -85 -85 154.533 0.848055
280 -117.533 -87 -87 138.533 0.913899
281 -145.533 -91 -91 164.4 0.8692
282 -172 -159 -159 157.067 0.758412
283 -127.4 -86 -86 166.467 0.903067
284 -187.1 -158 -165 126.667 0.750077
285 -139.733 -114 -114 142.133 0.683626
286 -156.133 -87 -87 125.8 0.806422
287 -128.3 -87 -87 137.6 0.9
288 -177.033 -112 -112 130.267 0.608396
289 -161.033 -92 -92 111.467 0.820215
290 -197.833 -164 -164 122.533 0.726855
291 -164.967 -113 -113 93.8667 0.621431
292 -169.6 -87 -87 107.333 0.8032
293 -146.167 -88 -88 120.133 0.816223
294 -166.667 -100 -100 113.133 0.833333
295 -168 -85 -85 140.2 0.803267
296 -129.467 -114 -114 142.333 0.603234
297 -227.133 -157 -159 108.267 0.642596
298 -186.533 -94 -94 139.2 0.709388
299 -136.4 -96 -96 145.067 0.905067
