0 -500 -500 -500 14.3333 0.372133
1 -500 -500 -500 28.4 0.3002
2 -487.567 -127 -500 22 0.266867
3 -445.867 -94 -500 25.4 0.227386
4 -398.967 -155 -500 28.6667 0.0871913
5 -325 -114 -500 30.5333 0.00855105
6 -375.633 -123 -151 31.7333 0.136324
7 -397 -100 -164 27.0667 0.164673
8 -359.833 -113 -113 24.4 0.345056
9 -353.467 -155 -153 22.4667 0.212558
10 -313.3 -89 -89 26.4667 0.283783
11 -283.167 -114 -114 29.9333 0.453018
12 -373.667 -152 -158 17.8 0.27437
13 -294.6 -114 -114 27.4667 0.495046
14 -294.967 -115 -115 25.4667 0.479644
15 -326.067 -93 -89 31.6 0.312324
16 -358.167 -157 -157 40.2 0.265296
17 -241.667 -115 -115 49.2667 0.573209
18 -346 -115 -115 48.6 0.370661
19 -240.667 -97 -91 58.8 0.419893
20 -243.7 -122 -156 66.9333 0.355288
21 -239.6 -115 -115 81.2667 0.303484
22 -186.167 -116 -116 98.6 0.607312
23 -204 -113 -113 98.2667 0.678548
24 -192.033 -113 -113 101.133 0.771733
25 -209.667 -113 -113 89.3333 0.720215
26 -222.8 -104 -104 78.2667 0.7102
27 -189.867 -99 -126 79.6 0.792217
28 -217.7 -89 -94 76.5333 0.654885
29 -249.2 -118 -155 77.4667 0.358489
30 -285.733 -156 -160 73.8 0.367574
31 -221.233 -119 -158 72.0667 0.302157
32 -251.933 -113 -114 76.8 0.361968
33 -233.133 -156 -167 78.6667 0.424478
34 -230.867 -87 -87 80.4 0.355069
35 -286.667 -117 -127 76.4 0.320789
36 -190.067 -112 -123 87.8 0.474577
37 -225.067 -115 -125 87.5333 0.470932
38 -185.633 -89 -87 97.3333 0.571138
39 -205.733 -115 -124 133.467 0.498685
40 -181.6 -157 -169 142.733 0.661993
41 -216.133 -112 -123 152 0.434315
42 -261.3 -159 -174 145.133 0.295499
43 -127.567 -86 -85 143.067 0.69116
44 -212.133 -158 -104 138.067 0.343037
45 -199.533 -88 -86 143.467 0.542153
46 -177.233 -87 -87 133.733 0.560941
47 -165.833 -114 -114 149.933 0.810435
48 -133.7 -93 -93 145.4 0.9
49 -203.567 -157 -163 164.533 0.36726
50 -194.367 -157 -161 178.4 0.524131
51 -208.567 -99 -99 157.733 0.521997
52 -112.567 -112 -112 171.533 0.954961
53 -165.8 -154 -161 193.4 0.420576
54 -151.7 -113 -113 169.333 0.9
55 -189.667 -112 -112 183.467 0.789901
56 -177.5 -113 -113 246.8 0.838267
57 -137.933 -112 -112 230.533 0.931188
58 -152.333 -113 -113 211.733 0.893442
59 -137.867 -112 -112 209.867 0.935867
60 -152.067 -113 -113 248 0.863286
61 -165.733 -114 -114 233.333 0.8
62 -143.8 -89 -86 247.733 0.645297
63 -173.833 -157 -163 285.333 0.927813
64 -119.167 -88 -88 324.2 0.862632
65 -112 -112 -112 505.133 1
66 -110.8 -95 -95 570.333 0.943387
67 -97 -97 -97 637.667 1
68 -95 -95 -95 569.533 1
69 -87.1333 -87 -87 652.8 0.99011
70 -207.067 -162 -162 678.867 0.869133
71 -157 -157 -157 603.467 1
72 -114 -114 -114 560.333 1
73 -100.767 -87 -87 589.933 0.966667
74 -115 -115 -115 618.467 1
75 -161.633 -161 -161 501.733 0.990926
76 -200.3 -167 -167 480.267 0.905133
77 -174.233 -163 -163 559.933 0.966667
78 -133.667 -105 -105 494.4 0.8692
79 -126.667 -100 -100 494.333 0.9384
80 -171.033 -156 -156 472.2 0.937955
81 -232.3 -161 -179 390.8 0.803129
82 -148.833 -90 -95 525.467 0.85217
83 -89.4 -86 -89 598.533 0.805751
84 -110.867 -109 -109 640 0.533333
85 -155.3 -117 -117 599.533 0.9074
86 -125.033 -112 -112 646.867 0.961449
87 -125.9 -113 -113 664.333 0.963127
88 -157.9 -155 -158 560.933 0.98043
89 -135.733 -99 -99 515.267 0.836286
90 -121.067 -94 -94 525.133 0.933333
91 -140.8 -115 -115 643.267 0.92258
92 -153.333 -113 -113 650.933 0.8692
93 -108.5 -95 -95 569.067 0.966667
94 -157.167 -157 -157 406.8 0.946998
95 -100.767 -87 -87 575.6 0.966667
96 -133.033 -89 -89 716.933 0.468908
97 -146.433 -107 -107 341 0.835867
98 -215.7 -161 -185 389.8 0.87706
99 -132.467 -90 -90 456.6 0.681627
100 -135.533 -95 -95 253.2 0.882047
101 -124.967 -112 -112 234.267 0.952212
102 -130.9 -87 -90 203.733 0.892487
103 -204.833 -115 -115 124.4 0.775954
104 -128.467 -87 -87 139.733 0.892319
105 -191.533 -113 -113 124.6 0.67588
106 -217.667 -115 -115 99.6 0.7432
107 -256.633 -122 -154 100.133 0.476362
108 -261.867 -100 -100 129.667 0.354835
109 -231.3 -125 -125 98.7333 0.60708
110 -287.633 -158 -165 74.7333 0.613729
111 -255 -113 -113 76.2667 0.631319
112 -229.1 -113 -113 72.3333 0.707077
113 -268.433 -114 -114 76.8667 0.602864
114 -224.333 -103 -103 73.0667 0.686956
115 -257.433 -117 -117 94.4667 0.636624
116 -237.8 -158 -158 122.867 0.772801
117 -163.833 -112 -112 150.133 0.866545
118 -157.533 -113 -113 183.4 0.83598
119 -193.733 -116 -116 173.8 0.681541
120 -178.567 -114 -114 190.467 0.817983
121 -122.5 -93 -93 182.333 0.913008
122 -140.333 -98 -98 200.067 0.876607
123 -184.8 -113 -113 163.867 0.790609
124 -148.7 -94 -94 164.4 0.848064
125 -261.367 -158 -158 169.733 0.690701
126 -154.667 -115 -115 189.867 0.8716
127 -192.2 -158 -158 196 0.902467
128 -180.8 -158 -158 174.067 0.933333
129 -168.233 -117 -117 177.2 0.854307
130 -237.833 -158 -158 133.467 0.756135
131 -230.033 -114 -114 179.333 0.69944
132 -153.5 -115 -115 295.267 0.900067
133 -188.6 -154 -154 311.067 0.9
134 -113.033 -113 -113 340.4 0.995906
135 -133.067 -92 -92 323.867 0.890867
136 -119.767 -92 -95 267.933 0.657975
137 -185.867 -90 -90 372.467 0.745086
138 -112 -112 -112 470.067 1
139 -191.3 -157 -157 404.8 0.902467
140 -154.033 -96 -101 499.867 0.85625
141 -137.867 -112 -112 418.333 0.935867
142 -158.333 -90 -90 287.4 0.838533
143 -180 -116 -116 286.667 0.838667
144 -155.033 -100 -100 409.533 0.84867
145 -155.4 -117 -117 470.133 0.887256
146 -125.233 -112 -112 521 0.950689
147 -192.2 -158 -158 519.8 0.902533
148 -246.833 -162 -170 502.533 0.728104
149 -155.433 -117 -117 593.933 0.880767
150 -166.867 -155 -155 690.267 0.958156
151 -143.6 -104 -104 669.067 0.905067
152 -126.2 -113 -113 685.933 0.95356
153 -179.867 -157 -157 628.533 0.9358
154 -189.2 -167 -167 620.067 0.935867
155 -190.8 -156 -156 722.333 0.540052
156 -137.867 -112 -112 598.4 0.9384
157 -157 -157 -157 680.133 1
158 -177.067 -154 -154 604.467 0.9358
159 -204.833 -115 -115 500.133 0.765655
160 -151.7 -113 -113 743.733 0.902533
161 -128.8 -116 -116 830.667 0.969133
162 -216.2 -113 -113 665.333 0.743533
163 -129.767 -117 -117 793.067 0.969133
164 -148.067 -92 -94 426.2 0.864484
165 -171.333 -160 -160 415.133 0.966667
166 -112 -112 -112 476.867 1
167 -197.867 -88 -88 349.067 0.735933
168 -191.2 -114 -114 511.267 0.809867
169 -154.4 -116 -116 673 0.902085
170 -182.767 -152 -160 787.867 0.886416
171 -147.833 -88 -88 606.533 0.815159
172 -185.467 -163 -163 637.867 0.933333
173 -170.767 -159 -159 588.533 0.95575
174 -130.733 -118 -118 510.133 0.966667
175 -115 -115 -115 532.2 1
176 -154 -154 -154 598.667 1
177 -176 -176 -176 624.133 1
178 -157 -157 -157 575.867 1
179 -102.7 -89 -89 568.667 0.966667
180 -204.567 -183 -183 508.133 0.926343
181 -186.4 -164 -164 434.8 0.933333
182 -203.967 -158 -158 394.6 0.858088
183 -114 -114 -114 392.867 1
184 -132.767 -114 -114 360.867 0.933333
185 -179.867 -157 -157 402.4 0.9358
186 -103.667 -90 -90 379.533 0.966667
187 -130.1 -89 -89 410.467 0.9052
188 -127.867 -115 -115 356.133 0.96511
189 -190.8 -156 -156 400 0.891356
190 -173.967 -162 -162 403.267 0.914107
191 -153.867 -114 -114 469.267 0.868036
192 -154.967 -112 -112 428.533 0.882705
193 -101 -101 -101 468 1
194 -187.467 -176 -176 370.133 0.937849
195 -185.833 -157 -157 443.267 0.903671
196 -203.367 -170 -170 330.467 0.865991
197 -150.8 -112 -112 477.067 0.902533
198 -188.6 -154 -154 613.2 0.902467
199 -96 -96 -96 638.8 1
200 -113 -113 -113 597 1
201 -138.267 -102 -102 458.2 0.873303
202 -152.2 -113 -113 528.4 0.886648
203 -138.833 -113 -113 564.267 0.931173
204 -125.933 -113 -113 771.333 0.96504
205 -106.367 -91 -97 628.6 0.688223
206 -243.367 -165 -165 438.533 0.616645
207 -148.933 -89 -89 335.067 0.838533
208 -129.2 -88 -88 392.467 0.9052
209 -137.867 -112 -112 418.933 0.933333
210 -167.8 -167 -168 470.467 0.844311
211 -180.8 -158 -158 685.133 0.9358
212 -191.467 -154 -154 400.4 0.822222
213 -151.6 -98 -98 316.867 0.871733
214 -152.6 -114 -114 298.467 0.9
215 -215.833 -159 -159 310.333 0.838467
216 -188.633 -157 -159 456.067 0.845678
217 -168.033 -155 -157 443.733 0.850538
218 -211.1 -153 -154 185.533 0.391832
219 -152.9 -113 -113 248.867 0.788288
220 -204.833 -147 -164 192 0.525115
221 -172 -114 -114 239.867 0.371357
222 -217.867 -121 -153 259.8 0.197855
223 -176.433 -131 -157 243.2 0.479386
224 -231.733 -148 -160 283.533 0.146695
225 -163.7 -115 -115 263.533 0.288249
226 -153.8 -86 -89 298.333 0.172148
227 -173.133 -115 -115 231.133 0.305837
228 -227 -106 -106 192.733 0.203408
229 -224.733 -100 -177 165.2 0.305588
230 -177.367 -86 -89 195.667 0.243067
231 -221.2 -85 -87 80 0.427819
232 -186.1 -90 -94 28.7333 0.561347
233 -161.933 -94 -102 30.5333 0.576327
234 -253.433 -118 -118 35 0.553924
235 -264.2 -162 -162 37.6667 0.625766
236 -219.9 -118 -153 40.6 0.00493333
237 -211.867 -101 -101 45 0.69585
238 -219.933 -98 -98 38.3333 0.675688
239 -209.633 -85 -87 41.7333 0.549858
240 -244.667 -117 -117 29.3333 0.669533
241 -213 -90 -95 39.9333 0.524933
242 -254.9 -113 -113 38.7333 0.638667
243 -234.833 -119 -121 49.0667 0.660546
244 -238.367 -114 -114 46.9333 0.552628
245 -182.267 -115 -115 63.2 0.753856
246 -242.867 -94 -94 58.1333 0.643467
247 -171.2 -89 -93 69.8 0.598392
248 -173.6 -92 -92 68.1333 0.815733
249 -237.8 -158 -154 75.1333 0.332505
250 -165.467 -114 -114 72.2 0.8716
251 -203.3 -113 -113 73.6 0.777133
252 -166.833 -155 -155 74.8667 0.955556
253 -164.767 -113 -113 73.2 0.854086
254 -217.033 -160 -160 74.5333 0.82774
255 -182.6 -116 -116 78.6 0.790519
256 -178.533 -94 -94 70.7333 0.73782
257 -170.5 -112 -112 62.8667 0.790783
258 -205.7 -160 -160 67 0.86114
259 -193.433 -159 -159 66.0667 0.894282
260 -197.133 -87 -87 67.1333 0.739133
261 -173.433 -105 -105 61.3333 0.764111
262 -235.033 -116 -116 49.8667 0.607151
263 -218.467 -97 -97 56.4667 0.691657
264 -155.733 -113 -113 60.9333 0.678476
265 -236.3 -116 -163 57.3333 0.356092
266 -215.767 -89 -93 51.1333 0.522914
267 -169.1 -86 -86 48.1333 0.706018
268 -237.833 -85 -86 53.4 0.606893
269 -200.667 -91 -91 53.0667 0.607918
270 -257.433 -113 -113 43.4 0.504704
271 -239.367 -158 -158 40.3333 0.716838
272 -280.8 -89 -89 42.3333 0.548533
273 -246.3 -117 -117 52.2667 0.633333
274 -231.2 -116 -116 50.0667 0.702533
275 -248.833 -100 -100 64.6667 0.624269
276 -193.333 -100 -100 68.8667 0.7692
277 -161.733 -94 -94 67.4667 0.823572
278 -98.8333 -85 -85 91.2667 0.969267
279 -183.4 -155 -160 101.8 0.569759
280 -184.233 -152 -162 95.2 0.576217
281 -129.1 -87 -87 88.9333 0.802701
282 -223.333 -85 -85 80.1333 0.6764
283 -191.3 -157 -157 117.2 0.904933
284 -127.133 -114 -114 150.667 0.95356
285 -117.367 -90 -90 147.667 0.928174
286 -142.067 -87 -87 147.533 0.871867
287 -103.667 -90 -90 157.667 0.9692
288 -113 -113 -113 193.2 1
289 -114.533 -87 -87 241.667 0.933333
290 -151.967 -113 -113 212.6 0.884573
291 -108.5 -95 -95 208.267 0.9692
292 -142.633 -114 -114 226.133 0.884351
293 -111.933 -96 -96 212.8 0.944494
294 -168.2 -113 -113 145.133 0.846394
295 -134.6 -94 -94 130.2 0.902533
296 -151.333 -112 -112 132.067 0.884233
297 -113 -113 -113 137.533 1
298 -121.933 -86 -86 146.267 0.88992
299 -184.533 -162 -162 131.2 0.587654
