0 -487 -110 -500 14 0.283412
1 -462.967 -116 -500 23.3333 0.107922
2 -391.667 -135 -185 16.5333 0.297205
3 -370.233 -117 -156 14.6 0.1262
4 -342.667 -92 -92 13.7333 0.324961
5 -313 -158 -158 12.0667 0.499915
6 -351.133 -94 -94 11.1333 0.387067
7 -307.967 -114 -114 11.6667 0.492067
8 -319.4 -113 -113 15 0.4972
9 -370 -110 -110 18.6667 0.3408
10 -325 -125 -125 17 0.472933
11 -265.4 -86 -86 18.0667 0.582267
12 -332.733 -114 -114 16.4 0.467867
13 -357.733 -112 -112 21.4667 0.3996
14 -294.833 -115 -115 23.7333 0.545922
15 -280.8 -89 -89 20.3333 0.546067
16 -237.167 -85 -85 12.2 0.635933
17 -387.667 -163 -163 14.5333 0.3432
18 -270.833 -118 -118 19.6 0.604607
19 -255.567 -114 -114 23.2 0.651475
20 -254.267 -112 -112 21.4667 0.651067
21 -267.8 -113 -113 24.2667 0.6152
22 -308.2 -89 -89 24.5333 0.476867
23 -294.133 -114 -114 26.8667 0.562933
24 -308.067 -116 -116 23.5333 0.506238
25 -244.667 -117 -117 23.7333 0.676533
26 -258.8 -98 -98 24.1333 0.607733
27 -357.867 -172 -172 23.2667 0.445733
28 -280.133 -112 -112 22.8 0.589467
29 -300 -100 -100 22.8 0.505067
30 -281.267 -114 -114 25.6667 0.583933
31 -251.033 -160 -160 31.7333 0.730012
32 -246.667 -100 -100 30.8 0.640933
33 -265.967 -87 -87 30.3333 0.582333
34 -254.6 -91 -91 34.2667 0.605067
35 -306.5 -113 -113 33.4 0.5304
36 -224.667 -87 -87 33.1333 0.669267
37 -329.5 -159 -159 27.8 0.502467
38 -264.833 -85 -85 27.4 0.569267
39 -326.667 -100 -100 24 0.446
40 -245.4 -98 -98 17.4667 0.646
41 -286.133 -99 -99 21.1333 0.551133
42 -317.067 -157 -157 18.8 0.5432
43 -320.9 -113 -113 23.8 0.460335
44 -323.267 -86 -86 24.6667 0.42152
45 -264.3 -104 -104 32.1333 0.582991
46 -295 -90 -90 32.0667 0.5054
47 -278.667 -85 -85 37.1333 0.538667
48 -257.167 -116 -116 41.8 0.601884
49 -210.9 -87 -87 40.5333 0.648878
50 -217 -113 -113 32.8667 0.699786
51 -306.8 -86 -86 22.2667 0.4746
52 -250.667 -160 -160 17.2 0.740733
53 -280.7 -113 -113 15.3333 0.587
54 -306.767 -155 -158 23.1333 0.533747
55 -309.467 -160 -164 26.8 0.557433
56 -273.533 -158 -160 26.9333 0.627253
57 -283.533 -154 -159 33.8 0.43138
58 -238.1 -85 -85 48 0.534534
59 -197.833 -87 -87 48.3333 0.655568
60 -213.3 -90 -90 40.2667 0.686005
61 -269.1 -113 -113 47.6667 0.536084
62 -297.833 -148 -162 54 0.499809
63 -206.3 -90 -90 64.3333 0.656947
64 -213.967 -151 -157 75.2 0.779465
65 -195.067 -116 -116 79.8 0.762467
66 -204.2 -156 -158 81.5333 0.78692
67 -130.133 -85 -85 102.267 0.87921
68 -142.067 -87 -87 104.8 0.866667
69 -180 -116 -116 105.867 0.837285
70 -151.8 -113 -113 101.6 0.89032
71 -178.767 -114 -115 105.067 0.686032
72 -177.567 -113 -113 158.533 0.818756
73 -145.867 -102 -102 150.467 0.80079
74 -125 -108 -108 189.267 0.918615
75 -138.933 -113 -113 147.733 0.908195
76 -218.033 -147 -163 141.333 0.698544
77 -217.433 -151 -165 136 0.524271
78 -229.9 -113 -113 108.8 0.629723
79 -183.4 -151 -169 156.533 0.429606
80 -225.567 -147 -164 147.067 0.359943
81 -229.067 -89 -87 154.2 0.391458
82 -211.133 -101 -101 128.333 0.452936
83 -264.433 -156 -165 102.4 0.591975
84 -241.633 -154 -170 157.2 0.492682
85 -191.633 -153 -169 195.067 0.404909
86 -180.833 -115 -116 189.667 0.541616
87 -171.333 -153 -112 242.533 0.393589
88 -138.6 -89 -87 228.467 0.529407
89 -102.167 -85 -85 253.667 0.741701
90 -141.567 -85 -85 244.267 0.725009
91 -202.633 -92 -92 172.933 0.643124
92 -206.3 -116 -116 166.333 0.740248
93 -144.567 -102 -102 237.867 0.79305
94 -168.1 -151 -157 265.467 0.863185
95 -157.4 -103 -103 368.933 0.732797
96 -128.4 -87 -87 292.933 0.897052
97 -164.1 -112 -112 357.133 0.851253
98 -150.8 -112 -112 365.267 0.9076
99 -151.7 -113 -113 311.067 0.902773
100 -164.667 -113 -113 270.467 0.857145
101 -117.5 -89 -89 308.733 0.854589
102 -124.933 -112 -112 401.467 0.966667
103 -185.367 -158 -165 357.333 0.751881
104 -127.833 -115 -115 491 0.962029
105 -162.6 -159 -163 484.533 0.937736
106 -124.967 -112 -112 418.333 0.960308
107 -159.633 -156 -161 453.2 0.729761
108 -117.1 -117 -117 510.733 0.992123
109 -141.5 -114 -114 529 0.909852
110 -127.833 -115 -115 572.133 0.965217
111 -178.833 -124 -159 650.333 0.400131
112 -125.833 -112 -112 909.133 0.937598
113 -92.9667 -92 -92 761.333 0.911425
114 -124.933 -112 -112 894.333 0.966667
115 -98.8333 -85 -85 888.8 0.962745
116 -124.967 -112 -112 950.6 0.955182
117 -87.0667 -87 -87 918.067 0.997378
118 -92.3333 -92 -92 976.467 0.986275
119 -85 -85 -85 1013.8 0.998824
120 -197.6 -164 -164 966.533 0.902467
121 -85 -85 -85 939.467 1
122 -165 -165 -165 952.667 1
123 -114 -114 -114 962.933 1
124 -114 -114 -114 963.733 0.99386
125 -90.1667 -90 -90 822.733 0.979476
126 -105.5 -101 -101 800.8 0.855172
127 -89.3333 -87 -90 761.533 0.913253
128 -138.433 -111 -112 536.133 0.856007
129 -190.5 -113 -113 459 0.704278
130 -167.133 -125 -158 497.2 0.866829
131 -184.567 -113 -113 506.067 0.607548
132 -194.567 -159 -163 917.067 0.574535
133 -126.867 -114 -114 1572.67 0.842818
134 -90.2333 -87 -87 1426.87 0.727688
135 -138.8 -113 -113 865.867 0.918463
136 -191.433 -114 -114 720.133 0.799373
137 -124.967 -112 -112 935.867 0.96507
138 -110.3 -93 -93 1128.27 0.839058
139 -124.967 -112 -112 1276.6 0.965945
140 -116 -116 -116 1431.87 1
141 -137.867 -112 -112 1330.6 0.9384
142 -182.467 -154 -160 1105.2 0.914286
143 -128.8 -116 -116 1030.47 0.962237
144 -114.6 -86 -86 1082.87 0.878844
145 -113 -113 -113 1484.47 1
146 -86 -86 -86 1562.4 1
147 -117 -117 -117 1623.53 1
148 -161 -161 -156 1517.33 0.372671
149 -112 -112 -112 1571.67 1
150 -87 -87 -87 1626.73 1
151 -113 -113 -113 1653.27 1
152 -122 -95 -95 1608.8 0.935867
153 -117 -117 -117 1654.4 1
154 -87 -87 -87 1766.67 1
155 -117 -117 -117 1952.2 1
156 -122.933 -96 -96 1875.8 0.933333
157 -118.267 -91 -91 1575.93 0.9402
158 -128.8 -116 -116 1654.67 0.969133
159 -180.8 -158 -158 1235.67 0.933333
160 -108.5 -95 -95 974.467 0.9692
161 -112 -112 -112 1000 1
162 -113 -113 -113 953.133 1
163 -138.8 -113 -113 941.2 0.935933
164 -126.867 -114 -114 1052.67 0.966667
165 -100 -100 -104 1270.87 0.72
166 -161.6 -124 -124 882.4 0.904867
167 -177.133 -166 -166 843.333 0.966667
168 -128.8 -116 -116 965.933 0.973533
169 -115 -115 -115 1069.73 1
170 -138.8 -113 -113 897.733 0.938267
171 -171.333 -160 -160 1089.13 0.966667
172 -114.3 -101 -101 1202.87 0.9692
173 -86 -86 -86 1349.67 1
174 -164 -164 -164 1325.67 1
175 -167 -167 -167 1478.13 1
176 -157 -157 -157 1366.47 1
177 -103 -103 -126 1392.33 0.582524
178 -160 -160 -160 1458.87 1
179 -125.9 -113 -113 1535.4 0.9692
180 -112 -112 -112 1896.6 1
181 -91 -91 -91 1977.47 1
182 -113 -113 -113 1923.73 1
183 -114 -114 -114 2168.53 1
184 -114 -114 -114 2227.87 1
185 -125.9 -113 -113 2394.13 0.973333
186 -91 -91 -91 2265.13 1
187 -124.933 -112 -112 2321.87 0.967733
188 -90 -90 -90 2471.33 1
189 -86 -86 -86 2884.13 1
190 -128.8 -116 -116 3006.47 0.969133
191 -159 -159 -159 3258.6 1
192 -87 -87 -89 2892.53 0.816092
193 -112 -112 -112 2928.6 1
194 -86 -86 -86 2578.33 1
195 -114 -114 -114 2715.2 1
196 -114 -114 -114 2945.27 1
197 -112 -112 -112 2958.47 1
198 -124.933 -112 -112 2842.8 0.966667
199 -125.9 -113 -113 2855.47 0.9692
200 -94 -94 -94 2959.2 1
201 -90 -90 -90 2921.27 1
202 -92 -92 -92 2851.07 1
203 -118 -118 -118 2932.53 1
204 -100 -100 -104 2960.07 0.72
205 -113 -113 -113 2920.87 1
206 -89 -89 -89 2853.6 1
207 -115 -115 -115 2965 1
208 -91 -91 -91 2805.27 1
209 -183.6 -161 -156 2732.87 0.350293
210 -164.6 -113 -113 1967.8 0.874133
211 -108 -108 -172 2736.73 0.555556
212 -88 -88 -88 2552.73 1
213 -117 -117 -117 2675.2 1
214 -113 -113 -113 2248.47 1
215 -182.933 -172 -165 2121.47 0.404718
216 -166 -166 -166 2124.2 1
217 -99.8 -86 -86 2567 0.966667
218 -164 -164 -164 2483.4 1
219 -102 -102 -119 2557.93 0.588235
220 -93 -93 -93 2852.2 1
221 -130 -130 -130 2810.53 1
222 -112 -112 -112 2881.27 1
223 -112 -112 -112 2724.53 1
224 -87 -87 -89 2902.67 0.816092
225 -102 -102 -121 2852.73 0.588235
226 -157 -157 -157 2868.27 1
227 -159 -159 -157 2885.2 0.377358
228 -100.767 -87 -87 2707.73 0.971
229 -97 -97 -97 2952.53 1
230 -112 -112 -112 2697.2 1
231 -116 -116 -116 2874.33 1
232 -174.233 -163 -163 3202.07 0.966667
233 -86 -86 -86 3057.07 1
234 -89 -89 -89 3402.2 1
235 -115 -115 -115 3364.53 1
236 -112 -112 -112 3349.93 1
237 -125.9 -113 -113 3564.53 0.966667
238 -159 -159 -157 4212.93 0.377358
239 -87 -87 -87 4134.33 1
240 -114 -114 -114 4092.27 1
241 -115 -115 -115 4128.53 1
242 -112 -112 -112 4189.13 1
243 -114 -114 -114 4066.47 1
244 -166 -166 -166 4070.13 1
245 -90 -90 -90 3964.73 1
246 -113 -113 -113 4313 0.977581
247 -87.0333 -87 -87 4223.93 0.997727
248 -88 -88 -88 4013.6 1
249 -117 -117 -117 4009.8 1
250 -116 -116 -116 3868 1
251 -116 -116 -116 3867.93 1
252 -96 -96 -96 3752.67 1
253 -89 -89 -89 3597.67 1
254 -113 -113 -113 3545 1
255 -116 -116 -116 3798.73 1
256 -114 -114 -114 3724.53 1
257 -112 -112 -112 3691.2 1
258 -90 -90 -90 3916.4 1
259 -114 -114 -114 3943.33 1
260 -105 -105 -180 3693.27 0.571429
261 -115 -115 -115 3949.87 1
262 -160 -160 -160 3781.2 1
263 -161 -161 -156 3920.13 0.372671
264 -105 -105 -182 3931.87 0.571429
265 -91 -91 -91 3910 1
266 -105 -105 -185 4055.33 0.571429
267 -107 -107 -176 3952.47 0.560748
268 -113 -113 -113 4110.07 1
269 -112 -112 -112 4093.47 1
270 -193.867 -172 -172 3855.87 0.937667
271 -87 -87 -87 4102.73 1
272 -97 -97 -97 3914.33 1
273 -85 -85 -85 3897.6 1
274 -126.867 -114 -114 3735.07 0.966667
275 -159 -159 -157 3722.73 0.377358
276 -96 -96 -96 3375.6 1
277 -100 -100 -104 3494.4 0.72
278 -116 -116 -116 3576.07 1
279 -159 -159 -156 3479.27 0.377358
280 -114 -114 -114 3520.73 1
281 -125.9 -113 -113 3296.87 0.9692
282 -89 -89 -89 2836.6 1
283 -125.9 -113 -113 2416.27 0.966667
284 -105 -105 -180 2880.6 0.571429
285 -90 -90 -90 2853.93 1
286 -113 -113 -113 2680.47 1
287 -112 -112 -112 2510.93 1
288 -85 -85 -85 2542.8 1
289 -160 -160 -160 2580.27 1
290 -92 -92 -92 2418.53 1
291 -115 -115 -115 1971.2 1
292 -98.8333 -85 -85 1946.53 0.966733
293 -114 -114 -114 3046.67 1
294 -126.867 -114 -114 3543.13 0.969133
295 -113 -113 -113 3995.13 1
296 -87 -87 -87 4559.33 1
297 -124 -124 -124 4785.93 1
298 -176.167 -165 -165 4715.27 0.966733
299 -158 -158 -158 4976.6 1
