0 -500 -500 -500 14.6667 0.277267
1 -500 -500 -500 26.6 0.239333
2 -500 -500 -500 28 0.1012
3 -500 -500 -500 26.0667 0.0667333
4 -500 -500 -500 22.7333 0.036
5 -500 -500 -500 26.2 0.0251333
6 -486.7 -101 -500 29.2667 0.00173333
7 -462 -120 -500 27 0.00143333
8 -474.4 -113 -500 23.9333 0.00110843
9 -463.267 -110 -500 24.6 0.0638131
10 -417.567 -125 -174 23.4 0.127494
11 -395.733 -86 -88 29.4 0.210321
12 -355.5 -115 -115 31.4 0.324789
13 -294.333 -112 -112 32.4 0.479493
14 -333.5 -115 -115 29.4 0.42392
15 -295.167 -89 -89 34.4667 0.449281
16 -257.3 -85 -85 37.8667 0.468561
17 -297.467 -155 -163 43.9333 0.463441
18 -309.633 -118 -118 41 0.49084
19 -307.367 -114 -114 39.1333 0.502028
20 -345.367 -112 -112 41.7333 0.392237
21 -255.2 -113 -113 50.1333 0.595859
22 -213.3 -89 -90 55.5333 0.670925
23 -255.667 -113 -114 57.0667 0.598814
24 -219.967 -116 -117 53.4 0.634671
25 -244.7 -117 -117 71.6 0.528619
26 -280.9 -98 -98 74.6667 0.495035
27 -302.367 -158 -172 37.6667 0.576
28 -244.567 -112 -112 44.5333 0.605653
29 -302.233 -100 -100 42.9333 0.485767
30 -307 -114 -114 38.2 0.507667
31 -295.633 -154 -160 42.9333 0.551878
32 -307 -100 -100 50.5333 0.348187
33 -365.867 -87 -87 44.4 0.31661
34 -233.4 -91 -91 59.2667 0.585717
35 -294.367 -113 -113 60.4667 0.513476
36 -269.167 -87 -87 47.5333 0.528744
37 -305.833 -155 -159 65.8667 0.437153
38 -279 -85 -85 61.2 0.535456
39 -252.867 -100 -100 53.7333 0.578519
40 -228.967 -98 -98 58.6667 0.593825
41 -211.967 -99 -99 66.4 0.682438
42 -270.867 -151 -157 75.8667 0.583888
43 -259.033 -113 -113 73.5333 0.456112
44 -282.7 -86 -86 59 0.486646
45 -253.133 -104 -104 71.5333 0.609286
46 -270.067 -90 -90 78.8667 0.562319
47 -156.6 -85 -85 82.8 0.767551
48 -231.233 -116 -116 82.2667 0.701363
49 -252.2 -87 -87 77.4 0.6182
50 -229.1 -113 -113 104.533 0.702533
51 -169.567 -86 -86 92.8 0.766788
52 -228 -160 -160 101.067 0.8008
53 -242.567 -113 -113 92 0.658866
54 -203.367 -155 -156 108.8 0.456105
55 -275.667 -155 -164 92.7333 0.518177
56 -238.567 -153 -160 117.867 0.564313
57 -188.2 -152 -155 150.267 0.424582
58 -226.367 -85 -85 86.0667 0.495428
59 -172.1 -87 -87 147.333 0.757095
60 -118.833 -90 -90 181.2 0.84113
61 -139.333 -113 -113 215.267 0.865852
62 -182.467 -156 -162 225.333 0.653286
63 -117.467 -90 -90 281.667 0.92029
64 -179.533 -154 -157 284.733 0.822915
65 -132.133 -116 -116 315.6 0.789275
66 -168.133 -155 -158 416.8 0.378516
67 -113.567 -85 -85 355.667 0.813666
68 -128.8 -87 -87 313.933 0.818401
69 -154.467 -116 -116 228.933 0.874924
70 -138.8 -113 -113 242.6 0.921829
71 -140.667 -115 -115 275.733 0.923336
72 -151.7 -113 -113 270.467 0.893724
73 -168.033 -102 -102 248.6 0.633524
74 -167.4 -108 -108 223.4 0.790812
75 -165.3 -113 -113 223.333 0.835666
76 -219 -158 -163 135.933 0.793033
77 -198.6 -157 -165 125 0.617045
78 -229.3 -113 -113 101.2 0.68305
79 -186.467 -156 -169 110.133 0.559527
80 -261.7 -153 -164 99.4 0.422916
81 -235 -89 -87 95.7333 0.446949
82 -223.6 -101 -101 134.733 0.568735
83 -220.2 -158 -165 192.4 0.74661
84 -231.367 -153 -170 152.667 0.509223
85 -225.4 -152 -169 117.333 0.343063
86 -220.267 -119 -116 112.533 0.528805
87 -283.533 -156 -112 77.6 0.273523
88 -320.033 -158 -87 80.5333 0.223976
89 -255.333 -85 -85 77.4667 0.314282
90 -273.4 -85 -85 75.0667 0.359869
91 -215.967 -92 -92 69.9333 0.564667
92 -219.4 -115 -116 77.4 0.338675
93 -190.733 -102 -102 72.6667 0.618794
94 -260.433 -153 -157 66.2667 0.502224
95 -254.833 -103 -103 75.9333 0.410639
96 -170.6 -87 -87 78.3333 0.706269
97 -166.733 -111 -112 72.4667 0.527531
98 -176.767 -111 -112 77.6 0.683083
99 -203.967 -112 -113 76.5333 0.614678
100 -194.233 -112 -113 76.1333 0.46026
101 -294.667 -91 -91 78.3333 0.313141
102 -228.633 -111 -112 70.5333 0.414052
103 -260.667 -146 -165 70.5333 0.400483
104 -228 -116 -116 79.2667 0.535646
105 -224.267 -147 -163 83.1333 0.378883
106 -205.633 -111 -113 107.667 0.374355
107 -218.267 -147 -161 108.4 0.36561
108 -207.5 -117 -117 111.533 0.625388
109 -220.367 -149 -114 115.4 0.331149
110 -193.067 -114 -115 115.8 0.625181
111 -201.4 -147 -159 137.333 0.365561
112 -163.7 -110 -112 152.6 0.520757
113 -209.133 -92 -92 130.6 0.401395
114 -177.267 -110 -112 146.467 0.470641
115 -102.1 -85 -85 215.667 0.841052
116 -136.967 -110 -112 218.867 0.277794
117 -107.6 -87 -87 233.333 0.780615
118 -124.9 -92 -92 222.467 0.590834
119 -182.433 -85 -85 200.733 0.72457
120 -206.3 -154 -164 209.933 0.496107
121 -107.267 -85 -85 218.867 0.850262
122 -176.133 -155 -165 278.133 0.472452
123 -139.133 -113 -114 340.733 0.304762
124 -152 -113 -114 253.8 0.310119
125 -150.667 -98 -98 219.733 0.548845
126 -142.867 -101 -101 191.6 0.776602
127 -164.1 -87 -93 163.933 0.536429
128 -163.1 -111 -111 143.333 0.271195
129 -151.8 -112 -112 147.533 0.73637
130 -196.033 -146 -151 148.533 0.36708
131 -152 -112 -112 178.333 0.71211
132 -177.1 -149 -163 169.533 0.39788
133 -169.1 -113 -114 170.333 0.295533
134 -139.167 -87 -87 184.2 0.684687
135 -125.3 -111 -112 193.867 0.476071
136 -133.2 -112 -114 208.4 0.305139
137 -117.367 -111 -111 197.867 0.311516
138 -172.533 -93 -98 207.867 0.465351
139 -150.167 -110 -110 173.867 0.585819
140 -155.933 -116 -117 200.333 0.259926
141 -110.633 -110 -110 216.867 0.657876
142 -203.033 -147 -153 211.267 0.340289
143 -182.533 -115 -116 232.4 0.231874
144 -103.633 -86 -86 273.8 0.739391
145 -130.1 -112 -113 312.067 0.281345
146 -148.333 -86 -86 260.8 0.763223
147 -169.667 -117 -117 253.267 0.242041
148 -224.233 -134 -152 257.533 0.335826
149 -154.433 -111 -111 298.467 0.262647
150 -133.433 -87 -87 337.067 0.622728
151 -138.967 -113 -112 304.133 0.272555
152 -196.7 -95 -95 343.267 0.518237
153 -142.767 -117 -117 491.467 0.280302
154 -93.4667 -87 -87 491.267 0.941108
155 -137.2 -117 -117 482.933 0.233364
156 -115.5 -96 -96 438.8 0.866811
157 -113 -92 -93 423.333 0.656081
158 -146.467 -115 -116 367.067 0.245784
159 -172.267 -149 -152 353.4 0.380669
160 -141.933 -95 -95 535.8 0.775205
161 -124.933 -112 -110 446.4 0.302083
162 -138.167 -112 -111 494.933 0.282081
163 -112.2 -112 -111 464.867 0.295833
164 -127.2 -113 -114 506.6 0.267376
165 -206.733 -108 -100 494.533 0.370153
166 -157.267 -124 -169 354.4 0.418069
167 -218.167 -156 -158 332.933 0.328179
168 -132.4 -116 -116 459 0.280306
169 -127.967 -114 -115 515.4 0.275805
170 -125.2 -112 -112 460.667 0.77935
171 -180.6 -153 -159 433 0.388409
172 -243.767 -101 -101 351.667 0.322109
173 -151.6 -86 -86 341.8 0.495526
174 -228.767 -152 -165 305.067 0.361017
175 -190.967 -152 -167 261.933 0.353922
176 -173.8 -123 -152 223.667 0.274666
177 -240.667 -153 -103 180.067 0.26585
178 -246.4 -151 -153 183.067 0.310312
179 -113.433 -112 -111 192.533 0.280432
180 -150.633 -111 -110 257.2 0.282866
181 -170.333 -91 -93 236.067 0.453948
182 -125.967 -113 -113 247.6 0.839412
183 -140.667 -115 -115 260.867 0.858261
184 -114.367 -113 -112 268.933 0.29766
185 -164.567 -112 -112 245.467 0.351365
186 -121 -91 -93 275.467 0.572135
187 -150.167 -110 -110 247.133 0.316465
188 -114.033 -90 -98 252 0.624611
189 -90.1333 -86 -86 254.8 0.748318
190 -131.833 -116 -116 223.733 0.824376
191 -171.733 -147 -157 232.933 0.384931
192 -113.867 -90 -93 236.8 0.636339
193 -154.233 -111 -110 203.467 0.266113
194 -130.2 -86 -86 185.533 0.838415
195 -127.1 -113 -114 199.8 0.829315
196 -165.7 -114 -114 197.533 0.808314
197 -150.633 -111 -110 223 0.276074
198 -124.433 -111 -110 222.933 0.29858
199 -137.833 -111 -111 234.067 0.466251
200 -150.433 -102 -94 332.533 0.507422
201 -114.267 -91 -94 302.2 0.627826
202 -116.167 -92 -98 343.533 0.651367
203 -160.667 -155 -158 416.067 0.40551
204 -194.7 -100 -100 402.467 0.365087
205 -125.067 -111 -111 425.733 0.526681
206 -139.667 -90 -98 524.133 0.593436
207 -118.3 -115 -115 468.4 0.898548
208 -120.633 -91 -96 420.4 0.649059
209 -158.167 -153 -152 387.867 0.385574
210 -138.233 -112 -111 365.2 0.28235
211 -168.433 -108 -108 413.533 0.570964
212 -104 -88 -93 512.933 0.680648
213 -142.533 -117 -117 675.6 0.933333
214 -125.867 -112 -112 562.933 0.29035
215 -163.4 -154 -162 541.6 0.394646
216 -182.3 -147 -158 501.867 0.439417
217 -127.633 -86 -86 366 0.888442
218 -184.767 -147 -164 479.467 0.591158
219 -165.133 -102 -102 466.267 0.413841
220 -134.467 -93 -98 368.2 0.575732
221 -173.1 -130 -168 335.4 0.457118
222 -139.367 -112 -154 334.333 0.53034
223 -111.2 -111 -111 328.733 0.850343
224 -102 -87 -93 339.067 0.702417
225 -152.667 -102 -102 432.2 0.453465
226 -164.9 -146 -152 369.8 0.43528
227 -173.667 -146 -154 395.867 0.407363
228 -115.8 -87 -87 402.533 0.715543
229 -128.967 -97 -97 390.267 0.641984
230 -151.333 -112 -111 392.267 0.274196
231 -155.367 -116 -116 404.8 0.859157
232 -170.233 -152 -163 369.667 0.613642
233 -101.6 -86 -86 359.933 0.851057
234 -97.5667 -89 -93 387.667 0.654409
235 -140.7 -115 -115 362.933 0.916464
236 -151.733 -113 -111 372.133 0.272975
237 -140.233 -114 -112 410.533 0.277207
238 -170.367 -159 -154 393.733 0.401258
239 -87 -87 -87 400.067 1
240 -165.467 -114 -114 432.133 0.8716
241 -127.833 -115 -115 384 0.966667
242 -124.933 -112 -110 429.533 0.293452
243 -126.867 -114 -114 437.267 0.966667
244 -164.833 -152 -158 395.667 0.40903
245 -132.3 -90 -94 350.067 0.587179
246 -125.9 -113 -112 357.933 0.293122
247 -87 -87 -87 388.6 1
248 -88.1667 -88 -97 430.267 0.725611
249 -142.533 -117 -117 444.2 0.9358
250 -128.8 -116 -116 422.267 0.966667
251 -130.333 -116 -160 370.733 0.527082
252 -98.1 -96 -96 379.6 0.954881
253 -107.3 -89 -93 346.133 0.67049
254 -126.033 -113 -113 345.867 0.920148
255 -192.867 -116 -116 337.733 0.772267
256 -127.2 -114 -112 358 0.287502
257 -151.733 -113 -111 356.8 0.264716
258 -117.933 -90 -94 329.867 0.640166
259 -127.133 -114 -114 353.6 0.935266
260 -121.7 -105 -105 322.4 0.924476
261 -154.333 -115 -115 331.667 0.714519
262 -193.867 -154 -159 356.733 0.45911
263 -162.633 -154 -152 393.2 0.388158
264 -144.767 -105 -105 325.8 0.573705
265 -107.7 -91 -93 362.733 0.697548
266 -131.333 -105 -105 297.667 0.935867
267 -135.033 -107 -107 288.667 0.915085
268 -147.667 -113 -112 308.267 0.259286
269 -150.933 -112 -110 250.067 0.275123
270 -193.533 -157 -162 215.4 0.372008
271 -158.167 -87 -87 230.467 0.776661
272 -113.867 -97 -97 273.133 0.91107
273 -126.5 -85 -85 231.8 0.9026
274 -117.2 -115 -115 240.467 0.566671
275 -158.033 -152 -153 240.133 0.414436
276 -167.833 -96 -96 186.2 0.801199
277 -142.167 -100 -100 186.8 0.863798
278 -130.067 -116 -116 179.733 0.744801
279 -191.233 -153 -152 206.467 0.37452
280 -140 -114 -112 136.6 0.279944
281 -140.1 -114 -112 175.067 0.277488
282 -130.333 -89 -98 166.8 0.647912
283 -178.033 -113 -111 152 0.256204
284 -161.367 -105 -105 142.667 0.830365
285 -150.033 -90 -98 132.2 0.583128
286 -168.533 -113 -111 181.133 0.260581
287 -150.8 -112 -110 244.2 0.275548
288 -112.933 -85 -85 227.067 0.912359
289 -195.267 -156 -160 267.067 0.790106
290 -111 -92 -92 292.533 0.812352
291 -128.233 -115 -115 274.067 0.946414
292 -140.333 -85 -85 266.467 0.874514
293 -126.9 -114 -114 288.133 0.963026
294 -139.733 -114 -114 261.667 0.930244
295 -126.433 -113 -113 258.667 0.897474
296 -131.533 -87 -87 258.533 0.822121
297 -163.067 -124 -124 262.067 0.885495
298 -198.6 -165 -165 246.333 0.864552
299 -207.567 -156 -156 251.867 0.350708
