0 -488.6 -158 -500 14.4667 0.261806
1 -436 -116 -500 21.9333 0.300333
2 -361.033 -121 -121 11.6667 0.379
3 -399.8 -166 -166 6.86667 0.328733
4 -397.4 -158 -158 7.93333 0.324933
5 -359.567 -117 -117 7.4 0.382533
6 -363.6 -159 -159 7.26667 0.4222
7 -386.667 -160 -160 7.53333 0.366333
8 -359.433 -113 -117 7.73333 0.38425
9 -352.467 -158 -158 7.73333 0.427534
10 -362.733 -89 -163 7.86667 0.422535
11 -397.867 -114 -118 8.53333 0.277101
12 -328.333 -154 -151 10.5333 0.253406
13 -397.833 -114 -118 10.4667 0.250032
14 -373.467 -115 -115 13.2667 0.273511
15 -265.133 -89 -93 19.2 0.516021
16 -326.867 -157 -157 22.6667 0.288712
17 -321.333 -115 -115 21.6667 0.441339
18 -262.5 -115 -115 24.9333 0.604534
19 -244.567 -91 -97 26.1333 0.632509
20 -271.8 -156 -160 30.6 0.391601
21 -192 -115 -115 34.3333 0.751536
22 -231.2 -116 -116 27.4667 0.654694
23 -268.033 -113 -113 30.2 0.566037
24 -242.467 -113 -113 35.2 0.643242
25 -164.6 -113 -113 46.5333 0.853028
26 -121.067 -94 -94 44.4667 0.933333
27 -114.2 -99 -99 47.8667 0.943939
28 -184.9 -89 -89 40.7333 0.771733
29 -191.467 -157 -157 46.5333 0.895993
30 -234.567 -168 -168 51.2667 0.794817
31 -225.6 -157 -157 50.1333 0.805
32 -138.8 -113 -113 70.0667 0.938267
33 -136.6 -107 -107 74.9333 0.902533
34 -100.767 -87 -87 87.8 0.966667
35 -168.633 -117 -117 87 0.835372
36 -138.867 -112 -112 85.3333 0.874023
37 -140.667 -115 -115 91.2667 0.9358
38 -128.3 -87 -87 137.133 0.9
39 -127.967 -115 -115 158.8 0.94902
40 -199.4 -166 -166 160 0.9
41 -138.3 -112 -112 175.267 0.922667
42 -175.7 -164 -164 173.467 0.957542
43 -98.8333 -85 -85 186.667 0.969267
44 -109.5 -104 -104 170.533 0.966791
45 -113.6 -86 -86 162.867 0.936
46 -100.767 -87 -87 203.6 0.969267
47 -114.133 -114 -114 231.8 0.966949
48 -89 -89 -89 199.267 1
49 -189.5 -163 -163 191.667 0.900352
50 -175 -175 -175 217.867 1
51 -92 -92 -92 247.8 1
52 -137.867 -112 -112 267.533 0.935867
53 -171.333 -160 -160 275.533 0.966667
54 -113 -113 -113 318.667 1
55 -112 -112 -112 282.2 1
56 -113 -113 -113 335.333 1
57 -112 -112 -112 328.667 0.996726
58 -113 -113 -113 335 1
59 -164.4 -112 -112 268.4 0.849733
60 -126.567 -113 -113 208.467 0.933829
61 -159.3 -114 -114 293.067 0.856034
62 -86.1667 -86 -86 366.133 0.98381
63 -118.767 -117 -117 357.4 0.979412
64 -100.067 -86 -86 366.4 0.934521
65 -112.433 -112 -112 430.067 0.9808
66 -117.867 -90 -90 429 0.923288
67 -104.633 -91 -91 484.467 0.966667
68 -118.267 -91 -91 477.467 0.935867
69 -85 -85 -85 546.4 1
70 -132 -132 -132 568 1
71 -163 -163 -163 576.267 1
72 -126.867 -114 -114 609.533 0.969133
73 -85.0667 -85 -85 707.067 0.991954
74 -110.433 -97 -97 729.8 0.966733
75 -171 -171 -171 764.933 1
76 -120.1 -107 -107 665.067 0.9692
77 -121 -121 -121 711.733 1
78 -108.5 -95 -95 682 0.9692
79 -93 -93 -93 668.467 1
80 -171.333 -160 -160 583.4 0.966667
81 -113.333 -100 -100 541.667 0.9692
82 -103.667 -90 -90 523.8 0.966667
83 -87 -87 -87 522.333 1
84 -109.467 -96 -96 472 0.966733
85 -129.767 -117 -117 561.133 0.969133
86 -112 -112 -112 655.4 1
87 -113 -113 -113 560 1
88 -174.233 -163 -163 535.8 0.966667
89 -105.6 -92 -92 498.8 0.966667
90 -107.233 -90 -90 522.267 0.934349
91 -115 -115 -115 527 1
92 -113 -113 -113 464.067 1
93 -117.333 -90 -90 380.267 0.9334
94 -172.3 -161 -161 264.133 0.969133
95 -85 -85 -85 237.667 1
96 -100.767 -87 -87 298.133 0.969267
97 -95 -95 -95 345.267 1
98 -113.333 -100 -100 341.4 0.9692
99 -114.533 -87 -87 273.267 0.917159
100 -103.667 -90 -90 380.4 0.969933
101 -112 -112 -112 469.6 1
102 -87 -87 -87 476.267 1
103 -127.833 -115 -115 414.6 0.969133
104 -85 -85 -85 442.933 1
105 -113.3 -113 -113 395.133 0.981421
106 -115 -115 -115 271.733 1
107 -169.8 -158 -158 390.6 0.956388
108 -106.567 -93 -93 480.267 0.966667
109 -99 -99 -99 588.467 1
110 -110 -110 -110 618.2 1
111 -113 -113 -113 514.667 1
112 -113 -113 -113 653.4 1
113 -126.867 -114 -114 641.467 0.966667
114 -107.533 -94 -94 577.2 0.966667
115 -117 -117 -117 657.933 1
116 -186.4 -164 -164 637.133 0.9358
117 -110.433 -97 -97 607.467 0.9692
118 -97 -97 -97 496.667 1
119 -116 -116 -116 502.867 1
120 -114 -114 -114 402.133 1
121 -89 -89 -89 303.2 1
122 -92 -92 -92 309.533 1
123 -113 -113 -113 315.867 1
124 -90 -90 -90 344.133 1
125 -164 -164 -164 337.533 1
126 -166.333 -115 -115 219.133 0.872333
127 -208.8 -164 -164 266.067 0.871667
128 -163 -163 -163 396 1
129 -117 -117 -117 462 1
130 -165 -165 -165 516.6 1
131 -114 -114 -114 503.2 1
132 -115 -115 -115 461.667 1
133 -158 -158 -158 626.667 1
134 -113 -113 -113 588.333 1
135 -102.7 -89 -89 546.067 0.966667
136 -100.767 -87 -87 549.2 0.966667
137 -100.767 -87 -87 454.733 0.966667
138 -124.933 -112 -112 455.867 0.9692
139 -172.3 -161 -161 518 0.969133
140 -93 -93 -93 524.667 1
141 -124.933 -112 -112 453.867 0.966667
142 -108.033 -87 -87 384.533 0.933661
143 -137.3 -97 -97 365.2 0.902533
144 -106.567 -93 -93 487.8 0.966667
145 -142.533 -117 -117 458.667 0.933333
146 -124.933 -112 -112 536.933 0.966667
147 -165 -165 -165 515.067 1
148 -103 -103 -103 578 1
149 -129.767 -117 -117 537.733 0.966667
150 -191.833 -157 -157 474.667 0.881041
151 -107.533 -94 -94 488.4 0.9692
152 -138.8 -113 -113 474.6 0.9358
153 -160 -160 -160 587.533 1
154 -108 -108 -108 588.6 1
155 -160 -160 -160 591.667 1
156 -112 -112 -112 622 1
157 -162 -162 -162 591 1
158 -159 -159 -159 609.933 1
159 -115 -115 -115 476.133 1
160 -138.8 -113 -113 672.867 0.9334
161 -116 -116 -116 771.4 1
162 -113 -113 -113 883.067 1
163 -117 -117 -117 911.267 1
164 -88 -88 -88 990.333 1
165 -179.067 -168 -168 1119.33 0.966667
166 -124.933 -112 -112 1138.67 0.966733
167 -86 -86 -86 1249.87 1
168 -114 -114 -114 1126.87 1
169 -116 -116 -116 1555.07 1
170 -168 -168 -168 1573.47 1
171 -86 -86 -86 1466.33 1
172 -116 -116 -116 1413.6 1
173 -165 -165 -165 2022.67 1
174 -118 -118 -118 1854.87 1
175 -115 -115 -115 1253.33 1
176 -159 -159 -159 1562.87 1
177 -101 -101 -101 1265 1
178 -174.233 -163 -163 1093.27 0.969133
179 -86 -86 -86 1018.4 1
180 -100 -100 -100 890.267 1
181 -114 -114 -114 556.467 1
182 -174.233 -163 -163 465.8 0.966667
183 -114 -114 -114 390.267 1
184 -114 -114 -114 362.867 1
185 -163 -163 -163 352 1
186 -87 -87 -87 357.2 1
187 -86 -86 -86 333.533 1
188 -115 -115 -115 329.6 1
189 -160 -160 -160 315.933 1
190 -156.533 -132 -132 265.933 0.9358
191 -126.867 -114 -114 278.4 0.966667
192 -112 -112 -112 241.267 1
193 -93 -93 -93 254.6 1
194 -101 -101 -101 305.533 1
195 -195.8 -162 -162 298.933 0.9074
196 -103 -103 -103 284.333 1
197 -124.933 -112 -112 315.867 0.966667
198 -158 -158 -158 289.2 1
199 -91 -91 -91 310.267 1
200 -125.9 -113 -113 323.333 0.9692
201 -94 -94 -94 373.067 1
202 -113 -113 -113 346.4 1
203 -125.9 -113 -113 302.867 0.966667
204 -138.8 -113 -113 173.933 0.9358
205 -88 -88 -88 226.267 1
206 -110 -110 -110 243.8 1
207 -114.533 -87 -87 322.8 0.935933
208 -98.8333 -85 -85 316.267 0.969267
209 -112 -112 -112 327.6 1
210 -131.333 -105 -105 319.2 0.935867
211 -164 -164 -164 207.467 1
212 -169.4 -158 -158 207.067 0.969133
213 -132.8 -92 -92 136 0.902733
214 -126.867 -114 -114 110.467 0.966667
215 -187.333 -165 -165 128.733 0.933333
216 -179.233 -164 -164 120.533 0.936151
217 -182.667 -160 -160 110.933 0.9358
218 -159.2 -159 -159 112.267 0.988485
219 -151.7 -113 -113 124.467 0.905067
220 -128.8 -113 -113 114.067 0.943467
221 -110.433 -97 -97 133.4 0.966667
222 -181.733 -159 -159 131.533 0.933333
223 -252.133 -162 -162 138.667 0.742733
224 -180.033 -169 -169 239.133 0.966667
225 -127.833 -115 -115 237.6 0.966667
226 -99.8 -86 -86 171.667 0.969267
227 -140.667 -115 -115 203.333 0.933333
228 -108.5 -95 -95 213.867 0.966667
229 -100 -100 -100 199.533 1
230 -86 -86 -86 245.133 1
231 -112.667 -85 -85 283.067 0.935933
232 -90 -90 -90 327.733 1
233 -94 -94 -94 319.933 1
234 -130.967 -118 -118 278.333 0.9448
235 -184.533 -162 -162 327.267 0.938267
236 -143.467 -118 -118 318.4 0.9358
237 -114.3 -101 -101 316.333 0.966667
238 -138.2 -98 -98 331.533 0.902533
239 -126.5 -85 -85 376.733 0.9026
240 -117 -117 -117 376.067 1
241 -131 -90 -90 337.133 0.9058
242 -151.7 -113 -113 264.267 0.9006
243 -196.8 -121 -121 201.333 0.813467
244 -178.333 -114 -114 333.067 0.8408
245 -115.233 -115 -115 337.467 0.980055
246 -121.067 -94 -94 421.8 0.933333
247 -89 -89 -89 424.867 1
248 -105.6 -92 -92 465.8 0.966667
249 -180.8 -158 -158 368.8 0.9358
250 -126.867 -114 -114 268.467 0.969133
251 -125.9 -113 -113 212.8 0.9692
252 -192.2 -158 -158 139.133 0.900067
253 -138.8 -113 -113 216.333 0.9358
254 -182.667 -160 -160 119.4 0.9358
255 -154.4 -116 -116 115.867 0.9
256 -121.067 -94 -94 72.4667 0.935867
257 -150.8 -112 -112 120.8 0.902533
258 -250.7 -160 -160 96.4667 0.728444
259 -249.767 -154 -159 145.533 0.732552
260 -169.867 -87 -87 153.133 0.792642
261 -122.367 -105 -105 153.667 0.928724
262 -128.8 -116 -116 195.8 0.966667
263 -123.867 -97 -97 214.733 0.9334
264 -126.6 -113 -113 203.133 0.942732
265 -143.467 -118 -118 178.133 0.936733
266 -102.7 -89 -89 168.467 0.966667
267 -99.8 -86 -86 207.067 0.969267
268 -86 -86 -86 185.8 1
269 -104.633 -91 -91 161.067 0.966667
270 -131.067 -113 -113 96.1333 0.844186
271 -180.8 -158 -158 111.133 0.9358
272 -102.7 -89 -89 158.933 0.9692
273 -129.767 -117 -117 145.8 0.966667
274 -141.6 -116 -116 129.933 0.9358
275 -140 -100 -100 114.067 0.902533
276 -100 -100 -100 120.867 1
277 -148.8 -94 -94 92.3333 0.854968
278 -85 -85 -85 107.6 1
279 -171.8 -160 -160 86.4 0.932941
280 -173.333 -162 -162 83.3333 0.958361
281 -87 -87 -87 89.0667 1
282 -112.667 -85 -85 88.8 0.936
283 -168.433 -157 -157 84.8 0.943019
284 -165.5 -114 -114 86.0667 0.859858
285 -115.467 -88 -88 125.133 0.939133
286 -142.067 -87 -87 108.467 0.871867
287 -118 -88 -88 102.067 0.884393
288 -126.233 -113 -113 122.867 0.948238
289 -100.767 -87 -87 151.6 0.966667
290 -138.8 -113 -113 181 0.9384
291 -95 -95 -95 197.4 1
292 -126.867 -114 -114 179.2 0.966667
293 -96 -96 -96 198.6 1
294 -113 -113 -113 166.2 1
295 -94 -94 -94 170.8 1
296 -112 -112 -112 190.467 1
297 -127 -113 -113 206.867 0.933333
298 -93.3667 -86 -86 228.6 0.966992
299 -195.8 -162 -162 218.267 0.902467
