0 -472.8 -90 -500 13.8 0.100067
1 -417.467 -86 -87 25.3333 0.108257
2 -372.2 -114 -114 24 0.292997
3 -333.567 -113 -113 28.9333 0.391252
4 -320.667 -114 -114 29.3333 0.409828
5 -332.6 -113 -113 34.8667 0.425031
6 -319.933 -112 -112 33.5333 0.439478
7 -268.4 -105 -105 35.2667 0.474347
8 -275.467 -116 -116 31.4 0.531263
9 -246.5 -87 -87 31.3333 0.581831
10 -201.067 -92 -95 33.8667 0.558678
11 -203.933 -113 -113 36.0667 0.756962
12 -294.633 -114 -114 31.0667 0.518803
13 -243.267 -113 -113 36.2 0.620192
14 -199.533 -85 -86 32.9333 0.675332
15 -228.9 -129 -163 33.9333 0.652722
16 -220.133 -117 -117 45.8667 0.669655
17 -261.633 -151 -155 41.8667 0.380187
18 -195.1 -112 -112 63 0.728196
19 -191.6 -113 -113 55.2667 0.767281
20 -203.433 -153 -160 56.1333 0.474612
21 -212.733 -150 -156 52.8 0.530184
22 -285.9 -90 -94 50.4667 0.353843
23 -208.833 -116 -116 48.5333 0.599067
24 -260.5 -154 -161 39.2667 0.385906
25 -256.2 -113 -113 46.4667 0.575612
26 -233.067 -117 -117 48.4 0.629997
27 -216.467 -113 -113 46.4 0.704373
28 -224.633 -143 -152 45.8 0.368364
29 -245.3 -117 -117 43.3333 0.615763
30 -238.167 -85 -85 38.2 0.538102
31 -256.9 -116 -116 47.4 0.60281
32 -232.8 -118 -118 47.4667 0.665471
33 -267.2 -111 -111 48.8 0.379956
34 -219.133 -95 -95 45.9333 0.472346
35 -286.767 -156 -168 40.8667 0.370109
36 -215.233 -90 -90 49.0667 0.527932
37 -204.233 -85 -85 55.8667 0.593701
38 -203.467 -113 -113 57.5333 0.522623
39 -210.667 -91 -91 54.4667 0.63539
40 -216.033 -87 -90 60.3333 0.421967
41 -162.1 -93 -93 67.6667 0.727496
42 -213.867 -118 -157 67.1333 0.34137
43 -264.067 -118 -157 66.0667 0.387716
44 -218.5 -89 -89 54.6 0.590451
45 -230.333 -114 -114 50.5333 0.662446
46 -202.167 -89 -89 49.3333 0.583846
47 -189.767 -112 -112 50.3333 0.768057
48 -245.433 -113 -113 48 0.624857
49 -287.333 -93 -93 54.0667 0.444385
50 -225.867 -112 -113 62.2667 0.498944
51 -269.567 -118 -157 65 0.353425
52 -218.4 -116 -116 64.8667 0.710218
53 -164.333 -112 -112 66.8667 0.808313
54 -264.7 -150 -166 72.6 0.444034
55 -204.4 -113 -114 76.2 0.669078
56 -228.767 -147 -164 78.1333 0.410387
57 -162.267 -88 -90 75.2667 0.674344
58 -176 -97 -97 73.3333 0.591886
59 -205.9 -93 -93 65.8667 0.639399
60 -233.2 -117 -117 57.8 0.669157
61 -203.467 -113 -113 53.6667 0.765789
62 -231.9 -117 -117 65.1333 0.694076
63 -153.867 -114 -114 69.0667 0.789457
64 -163.567 -85 -85 79.3333 0.681336
65 -151.833 -113 -113 92.9333 0.883029
66 -176.667 -112 -112 74.2 0.826786
67 -217.5 -87 -87 85.2 0.527439
68 -257.267 -118 -157 70.6667 0.397792
69 -224.367 -90 -90 56.4 0.512534
70 -300 -153 -171 73.6 0.379618
71 -178.767 -113 -113 68.9333 0.763418
72 -204.433 -93 -93 64.1333 0.680274
73 -191.533 -114 -114 67.8 0.775997
74 -207.9 -117 -117 68.4667 0.739399
75 -202.067 -86 -86 56.2 0.65768
76 -192.367 -115 -115 43.5333 0.781095
77 -267.533 -85 -85 46.7333 0.554587
78 -243.1 -114 -114 47.6667 0.630217
79 -216.1 -108 -108 51.9333 0.592175
80 -241.867 -159 -178 79.0667 0.732671
81 -182.533 -96 -96 80.4 0.734957
82 -201.833 -120 -158 82.9333 0.728704
83 -211.233 -116 -116 116.2 0.525355
84 -135.733 -85 -85 133.067 0.764427
85 -116.233 -116 -116 123.6 0.960057
86 -190.633 -91 -91 118.2 0.680114
87 -117.6 -94 -94 140.2 0.877233
88 -207.6 -117 -117 121.067 0.72671
89 -204.433 -155 -163 130.733 0.431467
90 -141.367 -99 -99 111.533 0.772747
91 -204.867 -115 -115 118.733 0.768398
92 -150.8 -112 -112 114.733 0.896052
93 -178.067 -113 -113 115.8 0.800502
94 -134.633 -90 -90 115.133 0.790955
95 -252.267 -151 -163 118.8 0.700154
96 -169.433 -118 -118 126.667 0.818705
97 -196.167 -153 -165 124.133 0.689434
98 -195.067 -114 -114 81.1333 0.705278
99 -210.533 -137 -137 91 0.514219
100 -165.133 -113 -113 116.533 0.832664
101 -217.267 -101 -101 117.867 0.357236
102 -182.067 -118 -118 118.333 0.781657
103 -200.733 -103 -103 137.867 0.549939
104 -167.367 -92 -92 147.067 0.7563
105 -190.933 -120 -157 184.733 0.714914
106 -175.867 -101 -101 176.267 0.569646
107 -174.9 -98 -98 198.933 0.727262
108 -243.9 -160 -166 195.2 0.741708
109 -235.667 -155 -175 156.2 0.614766
110 -164.9 -113 -113 121.067 0.785382
111 -149.5 -85 -85 125.267 0.704631
112 -152.633 -114 -114 182.067 0.886583
113 -103 -86 -86 202.4 0.882416
114 -102.8 -89 -89 230.467 0.957609
115 -138.8 -113 -113 259.933 0.935867
116 -195.467 -157 -162 269.067 0.692184
117 -125.3 -112 -112 231.333 0.920087
118 -129.767 -117 -117 233.8 0.922222
119 -138.833 -113 -113 242.867 0.886345
120 -197.467 -157 -166 266.533 0.725879
121 -213.533 -155 -160 177.067 0.399775
122 -126.467 -113 -113 191.133 0.864364
123 -204.2 -158 -169 175.267 0.366994
124 -171.1 -115 -115 151.133 0.757002
125 -180.2 -116 -116 148.067 0.75776
126 -132.4 -88 -90 193.4 0.653803
127 -111.933 -108 -96 239.133 0.603474
128 -160.333 -88 -88 209.6 0.792276
129 -129.2 -88 -86 259 0.690427
130 -112 -112 -112 243.867 0.901786
131 -164.6 -113 -113 202.133 0.784834
132 -157.933 -89 -89 180.6 0.574963
133 -183.367 -117 -117 117.333 0.699111
134 -233.733 -118 -118 113.067 0.606986
135 -163.967 -96 -91 140 0.583223
136 -216.733 -113 -113 146.133 0.645754
137 -227.367 -100 -100 142.667 0.440497
138 -177.433 -112 -113 140.4 0.706856
139 -172.667 -133 -113 154.867 0.377221
140 -172.567 -100 -93 169 0.522847
141 -187.133 -93 -93 185.533 0.509413
142 -185.133 -90 -90 127.533 0.515958
143 -199.367 -87 -87 115.533 0.54574
144 -226.533 -156 -174 168.067 0.29425
145 -211.367 -159 -105 177.2 0.3369
146 -199.167 -151 -102 192.267 0.307524
147 -182.2 -126 -155 154.067 0.306747
148 -168.267 -113 -113 159.8 0.465114
149 -227.267 -148 -103 132.8 0.33502
150 -243.867 -108 -96 94.6667 0.322892
151 -205.5 -100 -93 99.2667 0.382667
152 -205.033 -114 -114 80.5333 0.693233
153 -201.3 -122 -155 60.5333 0.374091
154 -239.867 -150 -114 66.2 0.308333
155 -255.5 -122 -157 56.5333 0.329821
156 -191.167 -113 -113 68.7333 0.689771
157 -166.267 -113 -113 74.6 0.700987
158 -206.867 -113 -113 63.3333 0.687335
159 -203.4 -93 -93 59.0667 0.499869
160 -210.3 -96 -96 50.4667 0.619217
161 -282.7 -87 -87 54.4667 0.469663
162 -291.6 -121 -155 57.2 0.263913
163 -191.633 -114 -114 73.4667 0.775769
164 -231.167 -118 -118 71.5333 0.433716
165 -233.3 -118 -118 64.6 0.653159
166 -176.967 -112 -112 67.2667 0.789058
167 -195.3 -88 -88 60.6 0.449549
168 -241.7 -112 -112 33 0.620528
169 -293.233 -86 -86 33.6 0.484457
170 -230 -114 -114 48 0.656055
171 -246.3 -121 -158 53 0.405054
172 -192.333 -114 -114 60.6667 0.706829
173 -296.233 -159 -168 66.8667 0.24669
174 -229.167 -113 -113 69.6667 0.63782
175 -245.8 -91 -91 49.6 0.47043
176 -281.367 -153 -156 60.1333 0.325732
177 -232.033 -117 -117 60.3333 0.665936
178 -243.133 -114 -114 60.2 0.605259
179 -156.267 -118 -118 66.6 0.851534
180 -196.533 -85 -85 65.4667 0.600946
181 -188.167 -87 -87 67.3333 0.64788
182 -193.833 -95 -95 66 0.616708
183 -203.3 -113 -113 72.1333 0.767044
184 -128.567 -86 -86 74.4667 0.769354
185 -282.833 -153 -155 83.2667 0.345823
186 -118.133 -93 -93 91.2667 0.797482
187 -216.967 -114 -114 86.9333 0.72175
188 -253.633 -159 -166 79.9333 0.578953
189 -197.333 -86 -86 87.6 0.57881
190 -176.867 -96 -96 88.8 0.615996
191 -204.133 -114 -114 94.2 0.756949
192 -158.767 -86 -86 88.4667 0.690214
193 -164.2 -88 -89 87.4667 0.588492
194 -178.033 -95 -95 96.3333 0.653967
195 -203.067 -152 -158 82.5333 0.571661
196 -191.067 -113 -113 90.6667 0.719209
197 -185.233 -85 -85 83.6667 0.690897
198 -182.8 -93 -93 75.8 0.693208
199 -186.6 -113 -113 91.6667 0.750689
200 -228.9 -112 -112 103.733 0.677403
201 -151.867 -113 -113 122.667 0.885235
202 -228.467 -87 -87 113.267 0.603375
203 -192 -115 -115 110.467 0.78407
204 -192.033 -114 -114 119.733 0.751813
205 -159.033 -89 -89 100.333 0.678404
206 -196.4 -102 -102 128.533 0.592614
207 -176.867 -112 -112 177.8 0.754916
208 -189.6 -94 -94 183.467 0.523672
209 -198.1 -122 -168 205.267 0.525499
210 -176.133 -88 -88 175.333 0.698885
211 -168.267 -93 -93 213.867 0.575514
212 -189.567 -116 -116 221.4 0.549801
213 -131.9 -86 -86 247.333 0.722743
214 -139.067 -113 -113 228.2 0.846783
215 -111.067 -90 -90 240.467 0.78438
216 -152.1 -113 -113 228.733 0.82412
217 -156.4 -87 -87 215.8 0.762083
218 -131.567 -88 -89 230.933 0.657532
219 -192.5 -115 -115 196.2 0.712241
220 -127.6 -113 -113 205.467 0.888428
221 -139.9 -114 -114 198.133 0.858637
222 -137.367 -95 -95 181.2 0.757992
223 -165.9 -92 -92 166.133 0.720399
224 -192.467 -108 -108 179.267 0.735486
225 -137.9 -112 -112 185.2 0.880391
226 -180.867 -155 -155 183.667 0.488668
227 -182.1 -112 -112 177.4 0.757975
228 -140.767 -85 -85 185.667 0.831205
229 -192.267 -114 -114 194.267 0.755648
230 -152.4 -113 -113 220.667 0.870745
231 -123.867 -97 -97 247.467 0.935867
232 -128.1 -115 -115 218.2 0.946612
233 -205.933 -152 -161 198.467 0.848804
234 -104.6 -87 -87 213.733 0.808399
235 -168.833 -117 -117 246.933 0.855064
236 -108.533 -90 -88 286.667 0.688001
237 -162 -108 -108 326.133 0.8492
238 -116.033 -116 -116 348 0.995726
239 -112 -112 -112 360.933 0.996726
240 -106.867 -89 -87 400.933 0.694657
241 -102.067 -88 -86 464.267 0.732101
242 -113.3 -113 -113 534.8 0.97032
243 -212.833 -159 -169 467.267 0.752623
244 -146.433 -91 -91 368.2 0.819272
245 -134.167 -91 -91 604.4 0.874319
246 -147.267 -93 -93 604.4 0.872267
247 -140.067 -108 -108 489.6 0.875715
248 -183.767 -160 -160 611.8 0.919604
249 -126.5 -85 -85 623.333 0.900067
250 -98.9 -85 -85 641.4 0.95947
251 -140.7 -114 -114 676.867 0.909377
252 -104.3 -103 -103 672.333 0.957759
253 -87.4333 -87 -87 763.333 0.988333
254 -113.2 -113 -113 769.133 0.959608
255 -118.867 -112 -112 747.867 0.920496
256 -186.267 -163 -163 765.467 0.916455
257 -181.767 -156 -158 789.6 0.854298
258 -155.967 -155 -155 764.267 0.822758
259 -120.967 -116 -116 779.6 0.963248
260 -125.933 -113 -113 749.933 0.963158
261 -116 -116 -116 793.333 1
262 -168.367 -157 -169 706.267 0.960926
263 -171 -155 -160 564.2 0.767849
264 -175.8 -157 -170 345.333 0.519604
265 -178.9 -114 -114 216 0.774259
266 -164.7 -113 -113 162.8 0.854561
267 -210.8 -95 -95 145.133 0.520056
268 -145.167 -96 -96 180.533 0.76678
269 -148.067 -90 -90 172.667 0.816249
270 -106.433 -87 -90 196.733 0.844608
271 -118.133 -89 -89 205.933 0.869004
272 -150.967 -112 -112 195.6 0.888276
273 -198.5 -164 -164 195.867 0.597067
274 -142.833 -87 -86 189.4 0.66079
275 -181.867 -154 -160 202 0.640704
276 -147.933 -97 -97 248 0.70736
277 -131.433 -90 -87 238.133 0.668521
278 -138.9 -113 -113 229.267 0.922541
279 -174.467 -97 -97 230.333 0.722734
280 -211.4 -167 -167 223.8 0.581708
281 -181.633 -157 -160 220.4 0.413131
282 -88.1667 -87 -90 286 0.750463
283 -104.867 -89 -91 268.933 0.940719
284 -152.5 -126 -126 216.067 0.917132
285 -115.4 -87 -90 234 0.710611
286 -117 -117 -117 231.4 1
287 -199.933 -90 -88 236.933 0.537975
288 -153.833 -115 -115 241.467 0.879696
289 -193.367 -153 -163 215.933 0.543445
290 -154.933 -113 -113 232.733 0.737763
291 -155.3 -117 -117 278.733 0.895629
292 -211.967 -98 -98 211.333 0.431697
293 -192.633 -89 -89 170.267 0.620238
294 -147.433 -97 -97 173.2 0.775283
295 -228.633 -153 -158 231.133 0.650276
296 -166.967 -115 -115 232.4 0.836398
297 -157.667 -117 -117 268.067 0.822843
298 -262.1 -152 -163 223.333 0.432785
299 -161.3 -87 -87 307.467 0.671656
