0 -475.567 -108 -500 14.3333 0.293295
1 -461.567 -113 -500 20.3333 0.0334
2 -409.3 -158 -173 16.9333 0.141489
3 -410.4 -116 -116 11.2667 0.258733
4 -393.933 -88 -152 7.6 0.178134
5 -320.467 -112 -116 8.13333 0.467715
6 -334.767 -91 -91 9.26667 0.287862
7 -309.533 -90 -90 8.06667 0.332661
8 -375.6 -96 -96 10 0.223084
9 -374.333 -144 -159 11.8 0.23453
10 -407.733 -145 -161 11.8667 0.137749
11 -428.533 -117 -117 13.5333 0.0784408
12 -452.767 -89 -86 9.4 0.0916109
13 -387.767 -95 -95 10.0667 0.220641
14 -287.067 -117 -117 7.53333 0.452512
15 -320 -114 -114 8.06667 0.457044
16 -293.2 -86 -86 7 0.498813
17 -245.3 -92 -92 6.66667 0.555852
18 -307.833 -88 -88 5.2 0.462642
19 -218.4 -116 -116 4.73333 0.748133
20 -348.2 -86 -86 5.4 0.3746
21 -329.5 -159 -159 5.66667 0.509467
22 -281.833 -115 -115 6.4 0.583933
23 -319.867 -114 -114 5.53333 0.5012
24 -293.5 -87 -87 5.8 0.5078
25 -267.767 -86 -86 6.6 0.554085
26 -283.567 -113 -113 6.73333 0.515467
27 -256.167 -115 -115 6.73333 0.645667
28 -256.167 -115 -115 5.86667 0.654522
29 -256.833 -114 -114 7.4 0.619733
30 -295.033 -113 -113 6.46667 0.518105
31 -363 -89 -89 6.73333 0.338867
32 -240.333 -90 -90 7.06667 0.602415
33 -306 -112 -112 7.4 0.525333
34 -313.7 -96 -96 7.33333 0.432025
35 -295.967 -115 -115 6.4 0.524667
36 -293.633 -87 -87 7.53333 0.488752
37 -319.867 -114 -114 8 0.484
38 -306.5 -113 -113 7.93333 0.520333
39 -401.3 -171 -171 9.26667 0.328
40 -209.5 -85 -85 9.73333 0.713733
41 -280.967 -113 -113 9.46667 0.575906
42 -293 -86 -86 13.8667 0.513
43 -237.8 -86 -86 14 0.646333
44 -222.8 -104 -104 15 0.705133
45 -237.7 -157 -157 18.2 0.75471
46 -145.1 -90 -90 20 0.861969
47 -226.4 -158 -158 28.5333 0.8074
48 -147.267 -93 -93 44.1333 0.866667
49 -192.8 -116 -116 46.6667 0.802467
50 -209.133 -164 -164 44.0667 0.858789
51 -119.133 -106 -106 46.8 0.9692
52 -203.3 -113 -113 39 0.774333
53 -156.7 -112 -112 48.5333 0.874275
54 -187.333 -165 -165 50.9333 0.938267
55 -192 -115 -115 50.2667 0.8082
56 -126.867 -114 -114 60.5333 0.966667
57 -195.667 -85 -85 42.8667 0.748933
58 -186.433 -91 -91 68 0.776867
59 -126.5 -85 -85 71.7333 0.9026
60 -138.8 -113 -113 71.9333 0.9384
61 -155.833 -87 -87 89.3333 0.841133
62 -114.533 -87 -87 91.1333 0.935867
63 -156.233 -118 -118 93 0.896359
64 -132.833 -89 -89 95.3333 0.870138
65 -152.167 -113 -113 101.533 0.87847
66 -155.5 -117 -117 121.4 0.88055
67 -112.033 -112 -112 130.733 0.991996
68 -128.367 -114 -114 124.933 0.949846
69 -105.667 -103 -103 136.867 0.981239
70 -150.733 -97 -97 89.2667 0.874267
71 -155.833 -87 -87 72.7333 0.846333
72 -193.1 -159 -159 90.4 0.902467
73 -218.333 -162 -162 101.133 0.8368
74 -114 -114 -114 94.6667 1
75 -129.333 -85 -85 78.2 0.882796
76 -179.167 -115 -115 84.9333 0.840733
77 -116 -116 -116 79 1
78 -168.933 -118 -118 61.2667 0.866667
79 -230.4 -163 -163 50.4667 0.754218
80 -160 -92 -92 41 0.838467
81 -213.133 -169 -169 51.2667 0.717656
82 -98.8333 -85 -85 54.5333 0.966667
83 -170.433 -156 -158 70.6 0.523489
84 -133.7 -93 -93 71.7333 0.902533
85 -171.333 -160 -160 77.2667 0.969133
86 -156.133 -115 -118 105 0.867726
87 -139.733 -114 -114 128.2 0.870175
88 -128.3 -87 -87 128.8 0.904467
89 -100.8 -87 -87 130 0.950327
90 -184.867 -159 -159 142.933 0.527104
91 -141.6 -116 -116 114.467 0.938267
92 -147.467 -90 -90 98.2 0.839698
93 -152.667 -114 -114 101.6 0.867492
94 -129.567 -95 -95 97.5333 0.86378
95 -164.167 -112 -112 90 0.817761
96 -204.933 -115 -115 78.2667 0.741273
97 -128.867 -116 -116 72.8667 0.931465
98 -139.533 -113 -113 74.3333 0.801591
99 -228.633 -153 -161 60.4 0.69435
100 -225.633 -155 -158 57.5333 0.482863
101 -113.033 -112 -112 90.4667 0.926659
102 -170.1 -116 -116 81.6 0.779269
103 -152.067 -113 -113 87.0667 0.641933
104 -153.067 -112 -112 97.8 0.867864
105 -126.567 -85 -85 89.3333 0.891954
106 -140.667 -115 -115 66.7333 0.933333
107 -238.5 -157 -159 63.2 0.651803
108 -156.333 -118 -118 68.2 0.868685
109 -167.167 -108 -108 76.2667 0.805923
110 -189.6 -112 -112 73.2 0.795993
111 -157.233 -116 -116 69.4667 0.859066
112 -164.633 -113 -113 104.533 0.862087
113 -117.6 -89 -89 114.067 0.780287
114 -143.667 -88 -88 100.467 0.771422
115 -156.1 -115 -118 48.4 0.88089
116 -113.433 -112 -112 45.2667 0.901171
117 -165.467 -114 -114 49.8667 0.873933
118 -200.3 -167 -167 65 0.902467
119 -141.267 -86 -86 51.2667 0.847727
120 -228 -92 -92 34.4 0.679333
121 -207.933 -163 -163 20.3333 0.8716
122 -203.3 -113 -113 15.9333 0.779333
123 -286.267 -162 -162 14.2667 0.635081
124 -169.6 -87 -87 15.9333 0.807867
125 -216.533 -156 -160 10.2 0.816569
126 -253.233 -88 -88 12.9333 0.586037
127 -249.933 -159 -159 14.4667 0.7408
128 -254.6 -91 -91 16.4667 0.612667
129 -195.667 -85 -85 15.8 0.738533
130 -195.667 -85 -85 18.1333 0.7412
131 -260.6 -158 -158 23.7333 0.702733
132 -238.567 -159 -159 28.1333 0.774333
133 -155.067 -114 -114 33.8 0.840933
134 -203.8 -112 -112 33.4 0.748533
135 -166.333 -115 -115 43.4667 0.8716
136 -223.333 -168 -168 50.6667 0.836
137 -213.133 -169 -169 45.8 0.869333
138 -168.067 -117 -117 48.5333 0.8716
139 -145.533 -91 -91 56.0667 0.869667
140 -151.7 -113 -113 58.5333 0.905067
141 -193.5 -161 -172 51.8 0.916131
142 -229.6 -113 -113 44.8 0.684149
143 -137.867 -112 -112 45 0.92619
144 -165.467 -114 -114 42.4 0.862182
145 -217.367 -157 -161 51.2 0.818946
146 -242.6 -112 -112 46.9333 0.636781
147 -180.833 -117 -117 47.3333 0.810916
148 -191.467 -122 -160 54.2667 0.71219
149 -259.2 -122 -161 41.8667 0.394618
150 -230.5 -115 -115 41.2667 0.643403
151 -200.767 -89 -89 46.4667 0.564835
152 -223.867 -85 -85 55.0667 0.610166
153 -148.667 -94 -94 59.5333 0.848204
154 -192.467 -115 -115 62 0.783345
155 -118.267 -91 -91 66 0.935867
156 -204.3 -114 -114 59.8 0.75864
157 -129.6 -88 -88 58.9333 0.854662
158 -137.3 -97 -97 59.1333 0.902533
159 -152 -113 -113 59.1333 0.889493
160 -135.5 -95 -95 60.5333 0.902533
161 -179.867 -115 -116 52.2 0.745432
162 -149 -95 -95 54.8 0.871733
163 -166.6 -112 -112 48.6 0.704616
164 -242.833 -114 -114 40.8 0.660551
165 -127.5 -86 -86 39.5333 0.856776
166 -211 -157 -165 37.1333 0.816753
167 -207.933 -96 -96 38.8 0.704891
168 -165.7 -114 -114 50.3333 0.856173
169 -204.533 -159 -159 48.2 0.855883
170 -189.9 -92 -92 42.8 0.74835
171 -107.1 -91 -91 51.2667 0.948796
172 -111.633 -96 -96 51.4 0.947205
173 -170.467 -159 -159 61.8 0.915369
174 -106.567 -93 -93 65.3333 0.966667
175 -129.267 -115 -115 59 0.920522
176 -165.433 -112 -112 53 0.818133
177 -127.133 -114 -114 78.4 0.945976
178 -205.3 -164 -164 79.5333 0.869789
179 -153.5 -115 -115 89.2667 0.902467
180 -141.633 -116 -116 95.8 0.929345
181 -142.067 -87 -87 84.7333 0.866667
182 -205.2 -172 -172 107.467 0.875903
183 -152.6 -114 -114 111.667 0.9
184 -168.067 -117 -117 107.867 0.869133
185 -140.667 -115 -115 110.933 0.9358
186 -115.667 -88 -88 104.8 0.909267
187 -173.267 -162 -162 95.6 0.966667
188 -138.8 -113 -113 97.4 0.933333
189 -191.3 -157 -157 125.667 0.902467
190 -167.2 -116 -116 71.9333 0.869133
191 -143.733 -102 -102 60.5333 0.8809
192 -116.533 -114 -114 64.6667 0.933333
193 -159.167 -91 -91 61.3333 0.838467
194 -127.4 -86 -86 47.6 0.9
195 -177.067 -112 -112 31.3333 0.820006
196 -155.833 -87 -87 36.6667 0.841133
197 -172 -90 -90 39.4 0.805067
198 -203.3 -113 -113 51.2667 0.774133
199 -140.333 -85 -85 32.1333 0.8694
200 -180.467 -115 -115 38.6 0.805
201 -212.6 -168 -168 57.8667 0.859021
202 -173.6 -92 -92 30.8 0.788235
203 -118.267 -91 -91 42.2 0.916453
204 -218.933 -115 -115 42.1333 0.7074
205 -176.667 -112 -112 41.0667 0.846
206 -182.6 -86 -86 23.8 0.774467
207 -191.167 -112 -112 19.1333 0.753353
208 -181.3 -116 -116 18.4667 0.804933
209 -143.8 -89 -89 24.2667 0.871733
210 -220.067 -95 -95 22.8667 0.665626
211 -141.2 -86 -86 26.8667 0.871867
212 -127.433 -86 -86 26.4 0.884209
213 -145.7 -91 -91 28.8 0.846528
214 -164.267 -112 -112 28.6667 0.822682
215 -175.2 -94 -94 23.4 0.805067
216 -234.3 -114 -114 27 0.626477
217 -218.967 -115 -115 25.4 0.709867
218 -172 -90 -90 30.2667 0.8102
219 -156.733 -117 -117 32.4 0.867743
220 -131.9 -91 -91 36.4667 0.9
221 -184.133 -88 -88 33.2 0.7768
222 -155 -86 -86 37.4 0.838533
223 -141.733 -116 -116 55.3333 0.920522
224 -139.033 -113 -113 48 0.915794
225 -112.867 -85 -85 42.8 0.919486
226 -164.067 -112 -112 44.9333 0.853486
227 -150.8 -112 -112 48.1333 0.905067
228 -165.767 -93 -93 53.4 0.787527
229 -144.8 -90 -90 56.5333 0.859316
230 -208.867 -164 -164 63.2667 0.851836
231 -182.6 -86 -86 50.0667 0.775067
232 -293 -86 -86 48.4667 0.524067
233 -140.833 -95 -95 66.0667 0.845393
234 -99.9 -86 -86 62.3333 0.94794
235 -246.3 -113 -113 67.4667 0.538052
236 -203.933 -155 -158 67.0667 0.785784
237 -130.133 -86 -86 73.2 0.872389
238 -126.5 -85 -85 67.4667 0.9052
239 -133.7 -93 -93 100.933 0.902733
240 -182.6 -116 -116 88.6 0.765145
241 -174.233 -163 -163 119.6 0.966667
242 -164.6 -113 -113 138.867 0.871733
243 -140.667 -115 -115 133.6 0.932322
244 -126.867 -114 -114 194.867 0.966667
245 -138.8 -113 -113 231.267 0.933333
246 -168.433 -157 -157 274.2 0.969133
247 -162 -162 -162 337.933 1
248 -87 -87 -87 293.4 1
249 -95 -95 -95 348 1
250 -98.8333 -85 -85 301.867 0.966667
251 -86 -86 -86 301.6 1
252 -97 -97 -97 318.933 1
253 -115.567 -88 -88 351 0.928876
254 -148.133 -94 -94 343.933 0.866667
255 -171.667 -106 -106 400.267 0.8384
256 -129.467 -103 -103 382.6 0.935867
257 -115 -115 -115 350 1
258 -101.733 -88 -88 358.333 0.9692
259 -112 -112 -112 424.733 1
260 -87 -87 -87 434.067 1
261 -123.867 -97 -97 426.8 0.935867
262 -126.5 -85 -85 339.333 0.9026
263 -89 -89 -89 355.333 1
264 -98.8333 -85 -85 363.2 0.966667
265 -135.5 -95 -95 266 0.902533
266 -155.667 -116 -116 366.267 0.866667
267 -169.6 -87 -87 249.933 0.8054
268 -129.2 -88 -88 372.267 0.902733
269 -205.333 -160 -160 363.133 0.871567
270 -129.233 -115 -115 450.133 0.926377
271 -114.533 -87 -87 381.6 0.933333
272 -163 -163 -163 452.2 0.987526
273 -121.4 -94 -94 425.6 0.921154
274 -140.667 -115 -115 418.6 0.933333
275 -100.767 -87 -87 458.667 0.9692
276 -116.4 -89 -89 372.867 0.9334
277 -139.733 -114 -114 357.333 0.938267
278 -99.8 -86 -86 454.133 0.966667
279 -139.733 -114 -114 526.867 0.9358
280 -92 -92 -92 507.4 1
281 -125.9 -113 -113 551.667 0.966667
282 -126.867 -114 -114 586.6 0.969133
283 -85 -85 -85 646.467 1
284 -86.1667 -86 -86 690 0.977289
285 -137.867 -112 -112 681 0.933333
286 -125.033 -112 -112 644.667 0.951594
287 -110 -110 -110 682.4 1
288 -113 -113 -113 709.4 1
289 -116 -116 -116 849.133 1
290 -115 -115 -115 809.667 1
291 -90 -90 -90 749.067 1
292 -101 -101 -101 883.133 1
293 -156.733 -120 -158 828.2 0.959705
294 -91 -91 -91 911.8 1
295 -115 -115 -115 1003.67 1
296 -102 -102 -102 959.933 1
297 -125.9 -113 -113 765.6 0.966667
298 -140.133 -119 -158 707.933 0.522421
299 -200.3 -133 -192 601 0.935315
