0 -477.867 -112 -500 14.9333 0.451831
1 -469.8 -107 -107 26.0667 0.0909333
2 -452.267 -158 -171 16.1333 0.134795
3 -371.667 -112 -112 20.1333 0.1486
4 -269.2 -101 -101 22.2667 0.533193
5 -294.567 -155 -158 21.4667 0.560442
6 -212.533 -88 -91 25.4 0.59561
7 -210.2 -86 -86 23.5333 0.705267
8 -215.267 -155 -158 21.5333 0.81096
9 -285.6 -98 -98 22 0.548667
10 -224.133 -86 -86 30.8 0.666711
11 -167.6 -116 -116 36.0667 0.791852
12 -191.5 -114 -114 49.8667 0.776738
13 -193.433 -159 -159 52.8667 0.889152
14 -171.533 -89 -89 47.9333 0.792272
15 -202.267 -94 -94 40.8 0.7436
16 -223.033 -180 -180 45.3333 0.859776
17 -192.5 -115 -115 49.5333 0.765102
18 -178.1 -113 -113 53.8667 0.807319
19 -192 -115 -115 60.9333 0.807177
20 -181.067 -132 -132 61.0667 0.8716
21 -177.5 -113 -113 75.8 0.841
22 -139 -113 -113 85.4 0.917647
23 -150.8 -112 -112 80.2 0.9026
24 -198.867 -177 -177 74.3333 0.923774
25 -135.5 -95 -95 62.8667 0.902533
26 -191.633 -157 -157 54.3333 0.875471
27 -144.333 -86 -86 48 0.844268
28 -164.767 -113 -113 58.9333 0.858041
29 -177.633 -113 -113 74.0667 0.834278
30 -240.867 -162 -162 70.7333 0.7718
31 -204.067 -114 -114 62.4667 0.777067
32 -112.667 -85 -85 91.9333 0.933333
33 -98.8333 -85 -85 91.0667 0.966667
34 -127.333 -114 -114 91.6 0.938346
35 -136.4 -96 -96 102.133 0.9002
36 -160.733 -90 -90 71.8 0.816525
37 -116.667 -88 -88 110.4 0.914697
38 -139.133 -113 -113 104.933 0.92042
39 -125.9 -113 -113 97.4 0.966667
40 -154.533 -116 -116 105.133 0.889656
41 -114.533 -87 -87 124 0.935933
42 -168.433 -157 -157 178.733 0.966667
43 -180.8 -158 -158 136.933 0.933333
44 -210.033 -165 -165 117.867 0.858906
45 -174.567 -163 -163 139.4 0.956329
46 -177.5 -113 -113 149.6 0.838533
47 -91 -91 -91 154.067 1
48 -139.167 -113 -113 131.667 0.920877
49 -139.933 -114 -114 152.4 0.920522
50 -125.9 -113 -113 190.533 0.969133
51 -107 -107 -107 201.533 1
52 -142.933 -88 -88 190.867 0.870267
53 -100.767 -87 -87 157.467 0.947893
54 -190.133 -168 -168 140.133 0.938267
55 -181 -170 -170 146.867 0.966667
56 -180.033 -169 -169 165.2 0.969133
57 -113 -113 -113 178.8 1
58 -113.067 -85 -85 212.667 0.923434
59 -102.7 -89 -89 204.333 0.966667
60 -127.833 -115 -115 181.867 0.969133
61 -176 -176 -176 152.067 1
62 -140.667 -115 -115 199.067 0.9334
63 -124.933 -112 -112 178.267 0.966667
64 -125.9 -113 -113 189.533 0.966733
65 -139.733 -114 -114 221 0.9358
66 -137.867 -112 -112 214.333 0.935867
67 -203.6 -158 -158 210.933 0.876667
68 -128.3 -87 -87 269.533 0.9052
69 -203.6 -158 -158 272.2 0.8716
70 -131 -90 -90 365 0.902533
71 -122 -95 -95 419.6 0.936333
72 -125.9 -113 -113 500.733 0.966667
73 -124.933 -112 -112 499.267 0.966733
74 -115 -115 -115 530.333 1
75 -96 -96 -96 533.867 1
76 -86 -86 -86 586.933 1
77 -116 -116 -116 578.933 1
78 -121.167 -114 -114 552.333 0.970618
79 -116.4 -89 -89 451.6 0.934933
80 -106 -106 -106 475.6 1
81 -105.433 -91 -91 493.333 0.952241
82 -123.867 -97 -97 499.867 0.9384
83 -126.867 -114 -114 550.267 0.9692
84 -105 -105 -105 630 1
85 -174.233 -163 -163 582.133 0.966667
86 -137.867 -112 -112 581.8 0.935867
87 -108.5 -95 -95 443.933 0.966667
88 -93 -93 -93 477.8 1
89 -105.6 -92 -92 487.4 0.966667
90 -140.533 -133 -133 476.333 0.96676
91 -128.8 -116 -116 449.2 0.966667
92 -126.5 -85 -85 540.4 0.9
93 -101.733 -88 -88 524.4 0.966733
94 -128.3 -87 -87 480.533 0.903
95 -110.433 -97 -97 546.667 0.966733
96 -90 -90 -90 507.4 1
97 -130.1 -89 -89 528.2 0.9026
98 -169.4 -158 -158 535.467 0.966667
99 -102.7 -89 -89 506.267 0.9692
100 -127.6 -101 -101 583.467 0.935
101 -138.8 -113 -113 657.6 0.9334
102 -101.733 -88 -88 586.467 0.968067
103 -135.567 -123 -123 600.933 0.966667
104 -132.267 -106 -106 543.733 0.9384
105 -171.333 -160 -160 507.067 0.969133
106 -105.6 -92 -92 471.533 0.966667
107 -131.033 -118 -118 442.067 0.947611
108 -114.3 -113 -113 457.133 0.966667
109 -123 -110 -110 500.333 0.966667
110 -112.667 -85 -85 469.733 0.935933
111 -125.9 -113 -113 514.333 0.9692
112 -127.833 -115 -115 561.467 0.969133
113 -99 -99 -99 586 1
114 -170.367 -159 -159 554.333 0.966667
115 -143.467 -118 -118 572.8 0.9358
116 -95 -95 -95 554.4 1
117 -93 -93 -93 599.2 1
118 -85 -85 -85 741.533 1
119 -90 -90 -90 703.4 1
120 -175.2 -164 -164 977.6 0.969133
121 -85 -85 -85 1400.2 1
122 -113 -113 -113 1560.93 1
123 -88 -88 -88 1432.87 1
124 -163 -163 -163 1296.27 1
125 -115 -115 -115 1782.93 1
126 -102 -102 -102 2231.47 1
127 -128.8 -116 -116 2303.6 0.966667
128 -90 -90 -90 2339.93 1
129 -113 -113 -113 2406.67 1
130 -164 -164 -164 2330.4 1
131 -112 -112 -112 2474.8 1
132 -158 -158 -158 2220.87 1
133 -109.467 -96 -96 1787.8 0.966667
134 -107 -107 -107 1686.2 1
135 -163 -163 -163 1853.13 1
136 -131.067 -115 -115 1726.13 0.933491
137 -108.5 -95 -95 1682.87 0.9692
138 -112 -112 -112 1826.4 1
139 -189 -189 -189 1950.27 1
140 -87 -87 -87 1424.73 1
141 -138.8 -113 -113 1277.53 0.9384
142 -118 -118 -118 1406.93 1
143 -203.6 -158 -158 954.933 0.871667
144 -98.8333 -85 -85 1175.53 0.966667
145 -171.333 -160 -160 772.4 0.966667
146 -191.3 -157 -157 778.467 0.902733
147 -160 -160 -160 675.533 1
148 -115.267 -102 -102 676.133 0.966667
149 -101.733 -88 -88 415.4 0.947727
150 -126.867 -114 -114 494.733 0.969133
151 -124.933 -112 -112 886.333 0.9692
152 -160.033 -160 -160 926.333 0.987371
153 -123.5 -107 -107 832.133 0.935867
154 -112.667 -85 -85 537.733 0.933333
155 -164.6 -113 -113 190.733 0.871733
156 -142.367 -116 -116 227.333 0.910791
157 -141.7 -113 -113 179.267 0.9
158 -219.1 -161 -163 173.067 0.81492
159 -182.7 -116 -116 176.467 0.7716
160 -138.8 -113 -113 201.4 0.933333
161 -124.8 -98 -98 219 0.935867
162 -154.4 -116 -116 207.8 0.904933
163 -107.533 -94 -94 256.333 0.9692
164 -139.733 -114 -114 215.8 0.935867
165 -117.633 -85 -85 205.933 0.86681
166 -125.9 -113 -113 322.667 0.9692
167 -141.6 -116 -116 305.467 0.933333
168 -140.333 -85 -85 218.4 0.871933
169 -125.9 -113 -113 202.067 0.9692
170 -207.933 -163 -163 193.667 0.869133
171 -145.533 -91 -91 213.2 0.871733
172 -119 -119 -119 240.867 1
173 -170.367 -159 -159 218.267 0.969133
174 -137.867 -112 -112 235.267 0.935867
175 -138.2 -98 -98 228.2 0.9
176 -132.8 -92 -92 232.133 0.902533
177 -126.5 -85 -85 228.067 0.903067
178 -175.833 -111 -111 222.6 0.840733
179 -113.6 -86 -86 250.8 0.938533
180 -192.933 -171 -171 233.733 0.936067
181 -205.6 -116 -116 192.2 0.774067
182 -113.6 -86 -86 195.467 0.935933
183 -153.5 -115 -115 183.467 0.902467
184 -125.733 -99 -99 133.8 0.933333
185 -105.6 -92 -92 145.467 0.9692
186 -138.8 -113 -113 146.4 0.9358
187 -98.2667 -95 -95 187.267 0.978066
188 -102.7 -89 -89 167 0.966667
189 -190.867 -113 -113 152.6 0.792994
190 -132.167 -102 -102 206.067 0.900474
191 -126.867 -114 -114 213 0.963158
192 -151.7 -113 -113 199.867 0.875985
193 -107.533 -94 -94 171.467 0.966667
194 -125.5 -95 -95 181.4 0.9005
195 -186.4 -164 -164 162.333 0.933333
196 -131 -90 -90 145.733 0.9
197 -197.2 -164 -176 147.2 0.913618
198 -183.267 -160 -160 201.6 0.813578
199 -175.567 -88 -88 95.8 0.764662
200 -204.2 -114 -114 65.8667 0.767712
201 -181.533 -153 -159 80.5333 0.913668
202 -188.233 -118 -118 95 0.703623
203 -156.8 -104 -104 97.7333 0.8692
204 -193.867 -156 -160 125.8 0.885703
205 -141.2 -86 -86 102.4 0.869267
206 -203.5 -156 -158 106.667 0.791032
207 -121.2 -92 -92 111.867 0.816279
208 -127.4 -86 -86 108.933 0.9052
209 -192 -115 -115 96.4667 0.807467
210 -178.333 -114 -114 95.4667 0.843333
211 -192.833 -115 -115 61.6667 0.782514
212 -198.167 -88 -88 81.5333 0.73328
213 -157.5 -89 -89 66.6 0.840933
214 -141.2 -86 -86 87.1333 0.866667
215 -126.667 -85 -85 99.5333 0.887415
216 -203 -95 -95 77.3333 0.735867
217 -219.133 -117 -117 83.8 0.743267
218 -177.6 -97 -97 141.2 0.808867
219 -155 -86 -86 147.867 0.8416
220 -150.8 -112 -112 169.4 0.905067
221 -151.6 -112 -112 159.6 0.851112
222 -127.4 -86 -86 175.467 0.9052
223 -134.6 -94 -94 206.6 0.905067
224 -148.467 -107 -107 188.8 0.877988
225 -194.833 -152 -161 196.2 0.850363
226 -185.567 -153 -179 234.333 0.832228
227 -152.4 -87 -87 177.333 0.575747
228 -114.367 -85 -85 234.733 0.866583
229 -171.333 -160 -160 245.333 0.970533
230 -117.333 -90 -90 210.333 0.933333
231 -99.8 -86 -86 244.2 0.969333
232 -102.7 -89 -89 269.333 0.966733
233 -141.2 -86 -86 201.867 0.877067
234 -137.3 -97 -97 217.867 0.902533
235 -198.867 -177 -177 215 0.926174
236 -129.967 -113 -113 205.8 0.933333
237 -159.167 -91 -91 171 0.840933
238 -102.7 -89 -89 222 0.966667
239 -167.133 -162 -162 169.4 0.854335
240 -141.6 -116 -116 163.867 0.9358
241 -173.167 -159 -162 153.333 0.942767
242 -130 -115 -115 120.933 0.859194
243 -155 -86 -86 127.467 0.841133
244 -134.167 -106 -106 133.8 0.878856
245 -141.6 -116 -116 147.467 0.9334
246 -237.033 -157 -157 65.0667 0.771733
247 -147.467 -90 -90 99.4667 0.828009
248 -113.6 -86 -86 149.267 0.933333
249 -171.3 -159 -160 181.2 0.939832
250 -210.733 -164 -164 113.4 0.771769
251 -128.8 -87 -87 88.0667 0.86649
252 -190 -118 -157 75.8 0.869133
253 -153.767 -115 -115 86.8 0.860764
254 -139.833 -114 -114 102.533 0.923737
255 -229.5 -159 -162 92.0667 0.780775
256 -195.767 -160 -161 99.4 0.848475
257 -206.967 -120 -164 99.1333 0.708059
258 -165.833 -112 -112 97.7333 0.684369
259 -168.033 -85 -85 93.4667 0.795784
260 -182.867 -100 -100 116.067 0.749123
261 -134.6 -94 -94 132.733 0.905067
262 -119.133 -106 -106 128.4 0.858176
263 -124.233 -97 -97 126.133 0.910185
264 -206.1 -156 -161 104.267 0.835206
265 -174.1 -116 -116 112.733 0.818822
266 -177.6 -97 -97 108.933 0.800067
267 -125.9 -113 -113 104.867 0.9692
268 -147.6 -88 -88 101.6 0.750261
269 -190.733 -113 -113 88.6 0.786277
270 -218.567 -94 -94 70.2667 0.652436
271 -153.9 -109 -110 76.8 0.685773
272 -143.1 -112 -112 105.2 0.873688
273 -143.367 -116 -116 89 0.852346
274 -177.967 -113 -113 85.1333 0.790364
275 -218.4 -116 -116 97.4 0.7416
276 -152.033 -117 -117 144.267 0.687984
277 -153.5 -115 -115 83.4667 0.9
278 -181 -105 -105 95.8 0.706482
279 -181.833 -85 -85 48.9333 0.771933
280 -210.9 -87 -87 50.2667 0.7104
281 -159.167 -91 -91 53.2 0.835867
282 -181.667 -157 -159 48.0667 0.912028
283 -224.1 -86 -86 31.6 0.654352
284 -276.667 -165 -165 36.6667 0.674267
285 -229.8 -114 -114 24.6 0.709867
286 -155.833 -87 -87 41.2 0.838867
287 -142.133 -87 -87 46.8 0.866386
288 -163.733 -112 -112 61.5333 0.871733
289 -160 -92 -92 72.0667 0.843467
290 -181.6 -164 -164 88.9333 0.927009
291 -138.8 -113 -113 84.8667 0.9384
292 -87 -87 -87 106.867 1
293 -101.733 -88 -88 85.3333 0.966667
294 -153.333 -100 -100 121.2 0.866933
295 -126.5 -85 -85 91.3333 0.902133
296 -178.333 -114 -114 97.7333 0.838467
297 -193.1 -159 -159 83.7333 0.902418
298 -121.067 -94 -94 67.2667 0.935867
299 -112.767 -96 -96 83.4667 0.94561
